0.013499625958502293 0.0007308985223062336 0.019903313368558884 0.9997104406356812 -13.345574378967285 -19.801694869995117 -40.40850830078125 14.27966022491455 -21.274038314819336 -38.94052505493164 -0.07041636854410172 -0.6589357852935791 0.7374075055122375 -0.05167897045612335 0.7350586652755737 -0.6634249091148376 -0.1299438327550888 -0.13067243993282318
0.015368856489658356 0.0006917534046806395 0.020157022401690483 0.9996784925460815 -13.375502586364746 -19.992948532104492 -40.49275588989258 14.189651489257812 -21.251943588256836 -38.95732116699219 -0.07409721612930298 -0.6558690667152405 0.738814651966095 -0.056876447051763535 0.7348200082778931 -0.6626302003860474 -0.13313855230808258 -0.1360085904598236
0.014080079272389412 0.00020204384054522961 0.019788017496466637 0.9997050166130066 -13.404354095458984 -20.05957794189453 -40.58135986328125 14.213756561279297 -21.268638610839844 -38.66725540161133 -0.07086760550737381 -0.6557853817939758 0.7404106855392456 -0.05919352173805237 0.7400079369544983 -0.6564198136329651 -0.13415467739105225 -0.129287451505661
0.014722948893904686 0.0002727024839259684 0.020130284130573273 0.9996889233589172 -13.53218936920166 -19.961427688598633 -40.91914367675781 14.163464546203613 -21.02004623413086 -38.0146369934082 -0.07872793078422546 -0.6505690217018127 0.7438080906867981 -0.05526382103562355 0.7245776057243347 -0.6740058064460754 -0.13285094499588013 -0.13157278299331665
0.01441084686666727 0.0005614976980723441 0.020190229639410973 0.9996921420097351 -13.38220500946045 -19.91434669494629 -40.617591857910156 14.141260147094727 -21.322126388549805 -38.502777099609375 -0.07321037352085114 -0.6531968712806702 0.7427135109901428 -0.057714737951755524 0.7211413979530334 -0.6787635087966919 -0.12611213326454163 -0.12786997854709625
0.013721277005970478 0.0007129240548238158 0.020096253603696823 0.9997036457061768 -13.490918159484863 -19.753334045410156 -39.79698181152344 13.901931762695312 -20.2180118560791 -37.76340866088867 -0.05766727402806282 -0.5797399878501892 0.8017557263374329 0.05762903764843941 -0.6527930498123169 0.7471963763237 0.11062410473823547 -0.13328081369400024
0.013709819875657558 0.0009109596721827984 0.018920497968792915 0.9997265338897705 -14.314422607421875 -23.794836044311523 -48.00646209716797 13.569117546081543 -22.318323135375977 -41.95043182373047 -0.05384290963411331 -0.440153568983078 0.8703383803367615 0.06466497480869293 -0.48434245586395264 0.8580355048179626 0.1581328809261322 -0.21418894827365875
0.014207632280886173 0.001065998338162899 0.01859375275671482 0.9997255802154541 -13.607635498046875 -21.81342887878418 -45.516754150390625 13.495774269104004 -22.978044509887695 -43.72334671020508 -0.048019345849752426 -0.4397846758365631 0.8763659596443176 0.0974075123667717 -0.45026034116744995 0.8758373260498047 0.1438276618719101 -0.19043710827827454
0.0119820861145854 0.002035512588918209 0.01932992972433567 0.9997392892837524 -13.81510066986084 -21.360469818115234 -45.40133285522461 13.728776931762695 -20.58940887451172 -40.101402282714844 -0.024522792547941208 -0.3826746642589569 0.901322066783905 0.08287807554006577 -0.4376921057701111 0.891030490398407 0.08730150014162064 -0.20143800973892212
0.008839556947350502 0.0035239874850958586 0.01883799023926258 0.9997772574424744 -13.078693389892578 -17.367778778076172 -42.842529296875 13.636187553405762 -16.610090255737305 -36.837100982666016 0.07879391312599182 -0.26553791761398315 0.9565343260765076 0.0065065654926002026 -0.32140374183654785 0.9394392967224121 0.11879022419452667 -0.09123173356056213
0.009251601062715054 0.001703391782939434 0.01881980150938034 0.9997786283493042 -13.42844295501709 -17.820499420166016 -43.68452835083008 13.221004486083984 -16.29169273376465 -36.73687744140625 0.00974914338439703 -0.2726838290691376 0.9569222331047058 0.0036800571251660585 -0.3240339159965515 0.9402517080307007 0.1044759750366211 -0.09923849999904633
0.00941514689475298 0.0023743794299662113 0.020479479804635048 0.9997431039810181 -13.541522026062012 -17.193519592285156 -41.859405517578125 13.122832298278809 -16.027376174926758 -36.259803771972656 0.03576115146279335 -0.30875709652900696 0.9423352479934692 0.008916971273720264 -0.2809569239616394 0.9575484395027161 0.0639118179678917 -0.12407471984624863
0.011069842614233494 0.0016105887480080128 0.01915510557591915 0.9997538924217224 -13.197735786437988 -17.081989288330078 -42.01185989379883 13.042670249938965 -15.542815208435059 -36.43925094604492 0.041349854320287704 -0.27359941601753235 0.9575557112693787 0.006626815535128117 -0.25328075885772705 0.9667817950248718 0.03373267129063606 -0.08075028657913208
0.011607515625655651 0.0013668423052877188 0.019346870481967926 0.9997444748878479 -13.145767211914062 -17.405603408813477 -42.42100143432617 12.72643756866455 -15.877423286437988 -36.56285095214844 0.019067345187067986 -0.29159700870513916 0.9522182941436768 0.041868656873703 -0.2788504958152771 0.9563682079315186 0.07648041844367981 -0.08881434053182602
0.011213216930627823 0.001283949357457459 0.019798561930656433 0.9997402429580688 -12.261390686035156 -19.460203170776367 -43.4365234375 12.445479393005371 -19.294254302978516 -42.59904098510742 0.01858445629477501 0.9263036847114563 -0.3562624454498291 -0.03713639825582504 0.9847503304481506 -0.11711940169334412 -0.12316948175430298 0.12121524661779404
0.004641649778932333 0.001269935048185289 0.019254127517342567 0.9998030662536621 -12.780271530151367 -18.40917205810547 -41.3494873046875 14.433919906616211 -18.007362365722656 -39.88138198852539 0.04456620663404465 0.9795699119567871 -0.1742594689130783 -0.06571879237890244 0.9908501505851746 -0.09570184350013733 -0.06883455812931061 0.08994618058204651
0.000027062847948400304 0.002194887725636363 0.01833519898355007 0.9998294711112976 -12.402274131774902 -18.100980758666992 -41.708030700683594 14.053024291992188 -17.638620376586914 -39.855567932128906 0.04129623994231224 0.9832951426506042 -0.1575535386800766 -0.05585125461220741 0.9942632913589478 -0.07019143551588058 -0.05826073884963989 0.08125388622283936
-0.01683320291340351 0.008031733334064484 0.01680630072951317 0.9996848106384277 -11.949507713317871 -17.18186378479004 -40.814788818359375 14.533307075500488 -16.93343734741211 -38.48259735107422 0.0386185422539711 0.9839682579040527 -0.15037107467651367 -0.057010896503925323 0.9957430958747864 -0.06693945825099945 -0.0276503786444664 0.087770015001297
-0.04066355898976326 0.019251054152846336 0.014931602403521538 0.9988757967948914 -13.012478828430176 -15.658203125 -37.53840637207031 15.775128364562988 -15.385808944702148 -34.20674133300781 0.022188542410731316 0.974516749382019 -0.19247330725193024 -0.012964838184416294 0.9899609088897705 -0.13446234166622162 0.0415843240916729 0.11304330825805664
-0.08005323261022568 0.013189159333705902 -0.011606615036725998 0.9966357350349426 -14.148271560668945 -15.033953666687012 -31.772859573364258 16.103713989257812 -13.862550735473633 -28.596458435058594 -0.07922358065843582 0.9785019159317017 -0.1588752716779709 0.06332371383905411 0.991118311882019 -0.10448826104402542 0.052505433559417725 0.1049586609005928
-0.08913841098546982 0.014719816856086254 -0.021988049149513245 0.9956676959991455 -14.553919792175293 -16.513986587524414 -26.46834945678711 16.405717849731445 -15.091154098510742 -21.913591384887695 -0.19030214846134186 0.902895450592041 -0.3760518431663513 0.115690678358078 0.9561616778373718 -0.2660563588142395 0.03980601578950882 0.08455729484558105
-0.11593449115753174 0.009519912302494049 -0.02864178828895092 0.9927981495857239 -18.572731018066406 -13.449078559875488 -17.83192253112793 20.434993743896484 -12.708820343017578 -13.42733383178711 -0.06525298207998276 0.7903761863708496 -0.6089534163475037 0.17260515689849854 0.8306257724761963 -0.5215388536453247 0.09091485291719437 0.014940804801881313
-0.13739340007305145 0.01904020458459854 -0.03596878796815872 0.9896801710128784 -17.617929458618164 -8.750574111938477 -12.19723129272461 19.78716468811035 -8.19643497467041 -9.215988159179688 -0.042392272502183914 0.8502554297447205 -0.5099202990531921 0.07657618820667267 0.9012239575386047 -0.42623767256736755 0.015903111547231674 0.12349062412977219
-0.12798503041267395 0.014429236762225628 -0.029059113934636116 0.9912452697753906 -14.564356803894043 -4.6087846755981445 -12.332015037536621 15.052301406860352 -4.199167728424072 -10.36252212524414 -0.06624710559844971 0.852854311466217 -0.4782172739505768 0.060214970260858536 0.9117001295089722 -0.4042937457561493 -0.04151656851172447 0.1988946944475174
-0.08860041946172714 0.004243484232574701 -0.018125304952263832 0.9958933591842651 -13.786172866821289 -5.072425842285156 -14.923858642578125 13.632431983947754 -4.7971367835998535 -10.870931625366211 -0.03095967508852482 0.850224494934082 -0.4923596680164337 0.025728655979037285 0.8701591491699219 -0.486387699842453 -0.07475379854440689 0.1836891770362854
-0.0862203910946846 0.005431294906884432 -0.00877803098410368 0.9962226152420044 -13.1566743850708 -4.298339366912842 -12.870165824890137 13.536201477050781 -4.268770694732666 -10.209443092346191 -0.022498566657304764 0.8687168955802917 -0.4581802487373352 0.022317515686154366 0.9036797881126404 -0.4263845980167389 -0.03257257118821144 0.18680372834205627
-0.07812958210706711 0.00030083535239100456 -0.010923119261860847 0.9968833327293396 -13.200295448303223 -3.444099187850952 -12.630229949951172 12.459953308105469 -3.5524449348449707 -10.405501365661621 -0.017046988010406494 0.8734525442123413 -0.4498502016067505 -0.0008582741720601916 0.9172073006629944 -0.3960625231266022 -0.04317998141050339 0.18553917109966278
-0.04980410635471344 0.004516436718404293 -0.004544553346931934 0.9987384676933289 -12.535432815551758 -3.220444679260254 -13.109899520874023 11.466176986694336 -2.5855283737182617 -10.410445213317871 -0.03783721849322319 0.8817421793937683 -0.4275476336479187 0.0369851179420948 0.9589380621910095 -0.2621927857398987 -0.10161108523607254 0.19570918381214142
-0.018162453547120094 0.02222927287220955 -0.009063942357897758 0.9995468258857727 -10.20274829864502 -6.137826442718506 -15.813411712646484 11.147615432739258 -6.023118495941162 -15.845441818237305 -0.16065846383571625 0.9309234023094177 0.0016809164080768824 0.04350820183753967 0.9747398495674133 0.18321992456912994 -0.12008197605609894 0.3279750645160675
-0.022973433136940002 0.014234607107937336 -0.005539553239941597 0.9996193647384644 -11.219449996948242 -6.103579521179199 -17.132665634155273 11.473260879516602 -6.157249450683594 -17.487974166870117 -0.11884688585996628 0.9334880709648132 0.12204902619123459 -0.0005057885427959263 0.9539182782173157 0.25229689478874207 -0.16243763267993927 0.3155621588230133
-0.02959676831960678 0.014677084051072598 -0.0021547689102590084 0.9994518756866455 -11.150548934936523 -6.270338535308838 -17.982378005981445 11.387299537658691 -5.9125847816467285 -18.174070358276367 -0.1095532476902008 0.9140408039093018 0.21905843913555145 0.005362834315747023 0.9395228624343872 0.29604223370552063 -0.17212501168251038 0.32332780957221985
-0.023989446461200714 0.013259663246572018 -0.0006937405560165644 0.9996240735054016 -10.813509941101074 -7.289702415466309 -18.448394775390625 11.253151893615723 -7.105098724365234 -18.299280166625977 -0.07892362028360367 0.9264906048774719 0.16935530304908752 -0.009287151508033276 0.9445294141769409 0.28755009174346924 -0.15840740501880646 0.32665732502937317
-0.02620740234851837 0.015019861981272697 -0.002831061603501439 0.9995396733283997 -10.728657722473145 -6.649440765380859 -18.788314819335938 11.617921829223633 -6.2971601486206055 -18.481433868408203 -0.06998243927955627 0.9243337512016296 0.17566633224487305 -0.014423228800296783 0.9343788027763367 0.314744234085083 -0.1663258671760559 0.3314376473426819
-0.026948178187012672 0.012520583346486092 -0.0006775552756153047 0.99955815076828 -10.924903869628906 -6.5172295570373535 -18.359159469604492 11.779281616210938 -6.152261734008789 -18.348955154418945 -0.06611936539411545 0.9305126070976257 0.16480576992034912 0.003062920644879341 0.9341604709625244 0.3147435784339905 -0.1681406944990158 0.3203335702419281
-0.028033798560500145 0.011968274600803852 -0.0032576988451182842 0.999530017375946 -11.185569763183594 -7.212459087371826 -18.52615737915039 12.475445747375488 -5.842014312744141 -19.056379318237305 -0.11069547384977341 0.917300820350647 0.19800589978694916 0.062160782516002655 0.8928329348564148 0.32972055673599243 -0.3004492223262787 0.3272603750228882
-0.03533559292554855 0.006934257224202156 -0.004322408698499203 0.999342143535614 -11.604050636291504 -7.6098103523254395 -16.300676345825195 12.12617301940918 -7.533885955810547 -14.452226638793945 -0.3454216718673706 0.905195951461792 -0.012728200294077396 0.2908390760421753 0.9215019345283508 0.09364467859268188 -0.23974454402923584 0.2472694218158722
-0.03936963900923729 0.004808383993804455 -0.0021847959142178297 0.999210774898529 -12.81712818145752 -7.421979904174805 -17.090675354003906 12.898332595825195 -7.212655067443848 -13.952320098876953 -0.301181823015213 0.9162060022354126 -0.2151157408952713 0.26231250166893005 0.943291187286377 -0.19014249742031097 -0.07238632440567017 0.15356214344501495
-0.039320752024650574 0.007441198453307152 -0.0013024881482124329 0.9991981387138367 -13.918701171875 -9.362879753112793 -18.97511863708496 14.521162986755371 -8.609952926635742 -15.756562232971191 -0.08611372113227844 0.6985401511192322 -0.6880003213882446 -0.012954982928931713 -0.6391671299934387 0.7671882510185242 0.05215191841125488 0.17686612904071808
-0.048030368983745575 0.008179409429430962 -0.00719380984082818 0.9987865090370178 -13.720573425292969 -10.712779998779297 -21.69047737121582 14.030787467956543 -8.213741302490234 -18.112253189086914 -0.07728656381368637 0.7234698534011841 -0.665215253829956 -0.07898259907960892 -0.6643199324607849 0.7431856989860535 0.010758193209767342 0.16765092313289642
-0.04535839706659317 0.010545456781983376 -0.006044464185833931 0.9988968372344971 -13.518688201904297 -11.903997421264648 -22.81256103515625 14.143606185913086 -9.541725158691406 -18.5806827545166 -0.036717403680086136 0.7230100631713867 -0.6706629395484924 -0.04956759139895439 -0.6610342264175415 0.7479207515716553 0.03451608121395111 0.16161508858203888
-0.045815955847501755 0.014439486898481846 -0.005815891083329916 0.9988285899162292 -13.349832534790039 -12.141483306884766 -23.333131790161133 13.845145225524902 -10.181997299194336 -19.21819496154785 -0.025629593059420586 0.7318094968795776 -0.6595301628112793 -0.0310948695987463 -0.6774166822433472 0.7338354587554932 0.04031432792544365 0.16975846886634827
-0.04664752632379532 0.015098019503057003 -0.0035820910707116127 0.9987908601760864 -13.43791389465332 -12.133414268493652 -23.373109817504883 13.369503021240234 -10.899173736572266 -19.57110595703125 -0.025358926504850388 0.7322009205818176 -0.6573485732078552 -0.01404544897377491 -0.6775661110877991 0.7343292236328125 0.03830767050385475 0.17644140124320984
-0.03472010791301727 0.01591566577553749 0.0012076725251972675 0.9992696046829224 -13.178597450256348 -12.931242942810059 -23.183637619018555 13.249730110168457 -11.606729507446289 -19.654239654541016 -0.018209239467978477 0.7388314008712769 -0.64560866355896 0.002695654518902302 -0.6733060479164124 0.7377984523773193 0.04801298305392265 0.1923176795244217
-0.04175280034542084 0.0115252286195755 -0.00024087197380140424 0.9990614652633667 -13.285833358764648 -12.645578384399414 -22.694747924804688 13.810422897338867 -11.724761962890625 -20.38772964477539 -0.017632998526096344 0.7372553944587708 -0.6456729769706726 0.010794202797114849 -0.6923871040344238 0.7195001840591431 0.05294399708509445 0.1981160044670105
-0.04314997419714928 0.015944184735417366 0.0013183190021663904 0.9989405274391174 -12.913710594177246 -12.352688789367676 -22.178287506103516 13.762322425842285 -11.993542671203613 -20.46637725830078 -0.01858115755021572 0.7252241373062134 -0.6602712273597717 0.013895212672650814 -0.704908549785614 0.7063244581222534 0.06337618827819824 0.19428488612174988
-0.04435746371746063 0.01499364897608757 -0.0004545202536974102 0.9989030957221985 -13.719372749328613 -15.682937622070312 -22.353086471557617 13.64811897277832 -16.476253509521484 -21.835527420043945 -0.07028274983167648 0.7445025444030762 -0.6199132800102234 0.008944313041865826 0.8004395365715027 -0.575211763381958 -0.1683686226606369 0.23766322433948517
-0.0603545606136322 0.01294970978051424 -0.00564562389627099 0.9980769753456116 -8.762728691101074 -28.672119140625 -22.80368423461914 12.274266242980957 -27.67840576171875 -20.82598304748535 0.7470807433128357 -0.19817860424518585 0.08763106167316437 0.7627779245376587 0.10116150975227356 -0.14019227027893066 -0.6231231093406677 -0.6284237504005432
-0.07508846372365952 0.008324728347361088 -0.010487248189747334 0.9970869421958923 -8.809094429016113 -28.391408920288086 -23.227577209472656 11.74460506439209 -26.582521438598633 -22.08156394958496 0.771623969078064 -0.06890366971492767 0.02038692869246006 0.7612577080726624 0.08668942749500275 -0.08657731115818024 -0.6367699503898621 -0.6320071816444397
-0.08255723863840103 0.012600529938936234 -0.006602913606911898 0.9964847564697266 -8.686741828918457 -27.84210205078125 -23.2413272857666 11.430076599121094 -25.821149826049805 -21.17496109008789 0.7807863354682922 -0.034637149423360825 0.014840934425592422 0.796600341796875 0.06635531038045883 -0.07318487018346786 -0.5963797569274902 -0.6236607432365417
-0.10288577526807785 0.009213052690029144 -0.0090735899284482 0.9946091175079346 -9.065604209899902 -26.775253295898438 -23.894559860229492 11.643060684204102 -26.03581428527832 -22.534120559692383 0.7559469938278198 0.03295372426509857 -0.021319597959518433 0.7337405681610107 0.01977038010954857 -0.05151965096592903 -0.67718505859375 -0.6534551978111267
-0.09747246652841568 0.01208087895065546 -0.00782401766628027 0.9951341152191162 -8.821499824523926 -26.63172149658203 -24.653711318969727 11.885613441467285 -27.098865509033203 -23.28583526611328 0.7408470511436462 0.05781003460288048 -0.028556115925312042 0.7312560081481934 0.0011390035506337881 -0.029667366296052933 -0.6814566850662231 -0.6685717701911926
-0.08988146483898163 0.012620221823453903 -0.0037073111161589622 0.9958656430244446 -8.874536514282227 -27.593656539916992 -24.822925567626953 11.680164337158203 -28.175230026245117 -23.48711395263672 0.7530966401100159 0.05060085654258728 -0.022976195439696312 0.764642596244812 -0.010054109618067741 -0.03420567139983177 -0.6434676051139832 -0.6555585861206055
-0.08559530228376389 0.01147720217704773 -0.0038159836549311876 0.9962565898895264 -9.011553764343262 -27.67136001586914 -24.447175979614258 11.708966255187988 -27.888137817382812 -23.074792861938477 0.7686727046966553 0.03517527878284454 -0.010497353971004486 0.7785704135894775 0.00543888658285141 -0.042787279933691025 -0.6260733008384705 -0.6385881304740906
-0.08378887921571732 0.010020817629992962 -0.006316821556538343 0.9964131116867065 -9.037096977233887 -28.3643741607666 -24.381933212280273 11.796133995056152 -29.205156326293945 -23.538570404052734 0.7909372448921204 0.02321160025894642 -0.00897190161049366 0.8121399283409119 0.02295754849910736 -0.05826435983181 -0.5800921320915222 -0.611391007900238
-0.06794502586126328 0.00621096370741725 -0.000922527106013149 0.9976692795753479 -9.48250961303711 -32.532554626464844 -24.77509307861328 10.807120323181152 -32.70907974243164 -23.67637825012207 0.7528207302093506 -0.29775774478912354 0.2150907814502716 0.7275771498680115 0.35200002789497375 -0.337515652179718 -0.48250454664230347 -0.5462026000022888
-0.04876210540533066 0.028077293187379837 0.006747294683009386 0.9983928799629211 -10.248970985412598 -47.22565841674805 -25.418725967407227 14.397073745727539 -50.17617416381836 -26.146446228027344 -0.1661803275346756 0.7547564506530762 -0.5989028215408325 0.04335816204547882 0.8062397837638855 -0.5585944056510925 -0.18992039561271667 0.20986224710941315
-0.05334310978651047 0.03240033611655235 0.020073750987648964 0.9978485703468323 -14.41263484954834 -51.633121490478516 -24.877946853637695 18.843833923339844 -53.821571350097656 -18.330387115478516 -0.19298291206359863 0.7814907431602478 -0.5651179552078247 0.2027953714132309 0.8753600120544434 -0.42833656072616577 -0.09563818573951721 0.18075275421142578
-0.08338571339845657 0.017584174871444702 0.010141284205019474 0.9963105916976929 -12.633010864257812 -49.62398910522461 -31.050474166870117 14.77491283416748 -52.60496139526367 -32.546058654785156 -0.17264583706855774 0.7868093848228455 -0.5530053973197937 0.10152312368154526 0.823022723197937 -0.5468137264251709 -0.11541875451803207 0.21286040544509888
-0.07603152096271515 0.024181727319955826 0.009836522862315178 0.9967636466026306 -13.587522506713867 -55.020965576171875 -29.8090877532959 14.042208671569824 -55.22714614868164 -29.816856384277344 -0.1712278425693512 0.7756077647209167 -0.5814269185066223 0.0743984505534172 0.7488344311714172 -0.6546623110771179 -0.07161790877580643 0.1762281060218811
-0.0735563412308693 0.02103136107325554 0.01290719024837017 0.9969857335090637 -13.251590728759766 -57.84305191040039 -30.507787704467773 13.787879943847656 -57.405670166015625 -29.61157989501953 -0.16056278347969055 0.7638485431671143 -0.6010225415229797 0.11539886146783829 0.7241841554641724 -0.6742197871208191 -0.08756788820028305 0.17183387279510498
-0.07378780841827393 0.02391202561557293 0.01542653702199459 0.9968679547309875 -13.690673828125 -58.512168884277344 -30.69701385498047 13.43509292602539 -54.88475799560547 -28.718175888061523 -0.1844322383403778 0.7613159418106079 -0.5954106450080872 0.12790055572986603 0.7301233410835266 -0.6650470495223999 -0.09096028655767441 0.178518608212471
-0.07043968886137009 0.020337115973234177 0.015685126185417175 0.9971854090690613 -14.346969604492188 -59.17230987548828 -30.319299697875977 13.185945510864258 -55.92257308959961 -28.091981887817383 -0.20396657288074493 0.7605559825897217 -0.5866616368293762 0.1376766711473465 0.718001127243042 -0.6766774654388428 -0.08733321726322174 0.18915681540966034
-0.06818441301584244 0.023731715977191925 0.013589531183242798 0.9972978234291077 -14.015070915222168 -58.076595306396484 -28.874563217163086 13.677532196044922 -57.28933334350586 -27.756437301635742 -0.20050041377544403 0.7603934407234192 -0.5839963555335999 0.13579164445400238 0.7326030731201172 -0.6611467003822327 -0.08796783536672592 0.20136944949626923
-0.05241715535521507 0.028535673394799232 0.007053248584270477 0.9981926083564758 -15.59646224975586 -53.67958450317383 -25.719690322875977 18.75999641418457 -54.598934173583984 -25.582416534423828 -0.18465863168239594 0.7668803334236145 -0.5755260586738586 0.16949541866779327 0.7578839659690857 -0.628946840763092 -0.03618134185671806 0.21579045057296753
-0.04145480692386627 0.022350409999489784 -0.03370566666126251 0.998321533203125 -21.715055465698242 -37.732547760009766 -19.81077003479004 38.91704177856445 -35.63406753540039 -21.225454330444336 -0.22780725359916687 0.8653274178504944 -0.40122729539871216 0.19411486387252808 0.926316499710083 -0.3202056586742401 0.04153871536254883 0.19577762484550476
-0.04342120513319969 -0.005773740820586681 -0.06870567053556442 0.9966748356819153 -22.66670036315918 -33.82188415527344 -11.715692520141602 38.91704177856445 -35.63406753540039 -21.225454330444336 -0.30163243412971497 0.9243330359458923 -0.12129568308591843 0.19411486387252808 0.926316499710083 -0.3202056586742401 0.04153871536254883 0.19978410005569458
-0.047163162380456924 -0.004694490227848291 -0.07404543459415436 0.9961279034614563 -22.66670036315918 -33.82188415527344 -11.715692520141602 38.91704177856445 -35.63406753540039 -21.225454330444336 -0.30163243412971497 0.9243330359458923 -0.12129568308591843 0.19411486387252808 0.926316499710083 -0.3202056586742401 0.04153871536254883 0.19978410005569458
-0.19558031857013702 -0.047207050025463104 -0.08356611430644989 0.9759798049926758 -22.66670036315918 -33.82188415527344 -11.715692520141602 38.91704177856445 -35.63406753540039 -21.225454330444336 -0.30163243412971497 0.9243330359458923 -0.12129568308591843 0.19411486387252808 0.926316499710083 -0.3202056586742401 0.04153871536254883 0.19978410005569458
-0.3593175709247589 -0.15552720427513123 -0.07837015390396118 0.916820764541626 -22.66670036315918 -33.82188415527344 -11.715692520141602 38.91704177856445 -35.63406753540039 -21.225454330444336 -0.30163243412971497 0.9243330359458923 -0.12129568308591843 0.19411486387252808 0.926316499710083 -0.3202056586742401 0.04153871536254883 0.19978410005569458
-0.37413570284843445 -0.13568679988384247 -0.06892577558755875 0.9148009419441223 -22.66670036315918 -33.82188415527344 -11.715692520141602 38.91704177856445 -35.63406753540039 -21.225454330444336 -0.30163243412971497 0.9243330359458923 -0.12129568308591843 0.19411486387252808 0.926316499710083 -0.3202056586742401 0.04153871536254883 0.19978410005569458
-0.3774341940879822 -0.1242789775133133 -0.06367643922567368 0.9154471158981323 -22.66670036315918 -33.82188415527344 -11.715692520141602 38.91704177856445 -35.63406753540039 -21.225454330444336 -0.30163243412971497 0.9243330359458923 -0.12129568308591843 0.19411486387252808 0.926316499710083 -0.3202056586742401 0.04153871536254883 0.19978410005569458
-0.3938634991645813 -0.12550316751003265 -0.05821854621171951 0.9086974859237671 -22.66670036315918 -33.82188415527344 -11.715692520141602 38.91704177856445 -35.63406753540039 -21.225454330444336 -0.30163243412971497 0.9243330359458923 -0.12129568308591843 0.19411486387252808 0.926316499710083 -0.3202056586742401 0.04153871536254883 0.19978410005569458
-0.4194079637527466 -0.07889644801616669 -0.031632691621780396 0.9038095474243164 -22.66670036315918 -33.82188415527344 -11.715692520141602 38.91704177856445 -35.63406753540039 -21.225454330444336 -0.30163243412971497 0.9243330359458923 -0.12129568308591843 0.19411486387252808 0.926316499710083 -0.3202056586742401 0.04153871536254883 0.19978410005569458
-0.4466477036476135 -0.037766218185424805 -0.014395813457667828 0.8937965631484985 -22.66670036315918 -33.82188415527344 -11.715692520141602 15.803528785705566 9.096954345703125 -35.44768524169922 -0.30163243412971497 0.9243330359458923 -0.12129568308591843 -0.08853869140148163 0.9702778458595276 -0.19315801560878754 -0.11580931395292282 0.19978410005569458
-0.45880869030952454 -0.02075457014143467 0.0073795136995613575 0.8882620334625244 -18.20452117919922 12.350435256958008 -37.98414993286133 16.020959854125977 10.384279251098633 -37.441532135009766 0.0285636018961668 0.9687096476554871 -0.18564410507678986 -0.05036299303174019 0.974078893661499 -0.18042510747909546 -0.12680983543395996 0.16224050521850586
-0.4659261405467987 -0.026281023398041725 0.009963274002075195 0.884377121925354 -17.481277465820312 12.786445617675781 -38.300262451171875 15.52723217010498 9.71499252319336 -38.457847595214844 0.017484070733189583 0.9678972959518433 -0.19362995028495789 -0.045208610594272614 0.9719283580780029 -0.1955525279045105 -0.1227625161409378 0.1593000441789627
-0.4643692374229431 -0.02312544547021389 0.014176571741700172 0.8852262496948242 -17.759119033813477 12.613941192626953 -38.745994567871094 15.541796684265137 9.17965316772461 -39.319271087646484 0.02684773877263069 0.9660171270370483 -0.20526739954948425 -0.04044078662991524 0.9674795866012573 -0.2243225872516632 -0.10966809093952179 0.1547756791114807
-0.4640277326107025 -0.023011652752757072 0.014034455642104149 0.8854105472564697 -17.718748092651367 12.461119651794434 -38.660831451416016 14.815617561340332 9.415609359741211 -38.88762283325195 0.024907179176807404 0.9660555720329285 -0.2036532312631607 -0.05121859535574913 0.9708665013313293 -0.21020878851413727 -0.1029910072684288 0.15697641670703888
-0.4625811278820038 -0.022420568391680717 0.016315359622240067 0.886143147945404 -17.539295196533203 11.83545207977295 -38.550315856933594 14.307635307312012 8.994154930114746 -39.2338981628418 0.025802867487072945 0.965887725353241 -0.20763829350471497 -0.05011668801307678 0.9679455161094666 -0.2169448584318161 -0.11621000617742538 0.15258269011974335
-0.4628011882305145 -0.02334268018603325 0.01566672883927822 0.8860161900520325 -17.77288246154785 11.826290130615234 -38.261173248291016 13.479254722595215 9.184664726257324 -38.770870208740234 0.020553093403577805 0.9679368734359741 -0.1929326057434082 -0.055908385664224625 0.9699839949607849 -0.2038293033838272 -0.12024518102407455 0.1595393568277359
-0.4598112404346466 -0.024020222947001457 0.016579147428274155 0.887536883354187 -17.778423309326172 11.119209289550781 -38.26907730102539 13.279050827026367 9.147282600402832 -39.88919448852539 0.020391879603266716 0.9664599299430847 -0.1948273628950119 -0.06144333630800247 0.9698816537857056 -0.20033057034015656 -0.12418531626462936 0.16607706248760223
-0.009703212417662144 0.016145382076501846 0.0003468249342404306 0.9998224973678589 -13.735671997070312 -25.524084091186523 -36.09496307373047 17.199024200439453 -35.07369613647461 -29.962438583374023 -0.03999120369553566 0.815255343914032 -0.5425727367401123 -0.018334895372390747 0.7957614064216614 -0.6010911464691162 -0.07153398543596268 0.19842968881130219
0.3195623457431793 0.01893993653357029 -0.02437600865960121 0.9470623135566711 -11.043527603149414 -50.04194641113281 -7.112288475036621 17.31000518798828 -48.04219436645508 -3.8150479793548584 0.13586603105068207 -0.5160056948661804 0.8300495147705078 -0.05243091285228729 -0.602829098701477 0.7924492359161377 0.0766306146979332 -0.16216164827346802
0.32855337858200073 0.010948359034955502 -0.02565452829003334 0.9440734386444092 -11.043527603149414 -50.04194641113281 -7.112288475036621 17.31000518798828 -48.04219436645508 -3.8150479793548584 0.13586603105068207 -0.5160056948661804 0.8300495147705078 -0.05243091285228729 -0.602829098701477 0.7924492359161377 0.0766306146979332 -0.16216164827346802
0.31444233655929565 0.013221831060945988 -0.02514543943107128 0.9488513469696045 -11.043527603149414 -50.04194641113281 -7.112288475036621 17.31000518798828 -48.04219436645508 -3.8150479793548584 0.13586603105068207 -0.5160056948661804 0.8300495147705078 -0.05243091285228729 -0.602829098701477 0.7924492359161377 0.0766306146979332 -0.16216164827346802
0.3160051703453064 0.012192349880933762 -0.023909272626042366 0.948377788066864 -11.043527603149414 -50.04194641113281 -7.112288475036621 17.31000518798828 -48.04219436645508 -3.8150479793548584 0.13586603105068207 -0.5160056948661804 0.8300495147705078 -0.05243091285228729 -0.602829098701477 0.7924492359161377 0.0766306146979332 -0.16216164827346802
0.3174748122692108 0.012185993604362011 -0.023825304582715034 0.9478890895843506 -11.043527603149414 -50.04194641113281 -7.112288475036621 17.31000518798828 -48.04219436645508 -3.8150479793548584 0.13586603105068207 -0.5160056948661804 0.8300495147705078 -0.05243091285228729 -0.602829098701477 0.7924492359161377 0.0766306146979332 -0.16216164827346802
0.3183838129043579 0.012530132196843624 -0.021574044600129128 0.9476335644721985 -11.043527603149414 -50.04194641113281 -7.112288475036621 17.31000518798828 -48.04219436645508 -3.8150479793548584 0.13586603105068207 -0.5160056948661804 0.8300495147705078 -0.05243091285228729 -0.602829098701477 0.7924492359161377 0.0766306146979332 -0.16216164827346802
0.31744495034217834 0.01227372046560049 -0.02104881778359413 0.9479635953903198 -11.043527603149414 -50.04194641113281 -7.112288475036621 17.31000518798828 -48.04219436645508 -3.8150479793548584 0.13586603105068207 -0.5160056948661804 0.8300495147705078 -0.05243091285228729 -0.602829098701477 0.7924492359161377 0.0766306146979332 -0.16216164827346802
0.31858202815055847 0.010776183567941189 -0.019845059141516685 0.9476262331008911 -11.043527603149414 -50.04194641113281 -7.112288475036621 17.31000518798828 -48.04219436645508 -3.8150479793548584 0.13586603105068207 -0.5160056948661804 0.8300495147705078 -0.05243091285228729 -0.602829098701477 0.7924492359161377 0.0766306146979332 -0.16216164827346802
0.31006520986557007 -0.011471382342278957 -0.025332709774374962 0.9503085017204285 -11.043527603149414 -50.04194641113281 -7.112288475036621 17.31000518798828 -48.04219436645508 -3.8150479793548584 0.13586603105068207 -0.5160056948661804 0.8300495147705078 -0.05243091285228729 -0.602829098701477 0.7924492359161377 0.0766306146979332 -0.16216164827346802
0.2874312996864319 -0.18430857360363007 -0.03827793151140213 0.9391211271286011 -11.043527603149414 -50.04194641113281 -7.112288475036621 17.31000518798828 -48.04219436645508 -3.8150479793548584 0.13586603105068207 -0.5160056948661804 0.8300495147705078 -0.05243091285228729 -0.602829098701477 0.7924492359161377 0.0766306146979332 -0.16216164827346802
0.2620699107646942 -0.314822256565094 -0.024420039728283882 0.9119265079498291 -11.043527603149414 -50.04194641113281 -7.112288475036621 9.065359115600586 -35.86504364013672 -32.90763854980469 0.13586603105068207 -0.5160056948661804 0.8300495147705078 -0.047935619950294495 0.7636101245880127 -0.5853461623191833 -0.26827532052993774 -0.16216164827346802
0.26026102900505066 -0.32395532727241516 -0.008428316563367844 0.9095306992530823 -11.043527603149414 -50.04194641113281 -7.112288475036621 10.390414237976074 -26.782609939575195 -39.61780548095703 0.13586603105068207 -0.5160056948661804 0.8300495147705078 -0.0006548953824676573 0.8397520184516907 -0.47346198558807373 -0.265800416469574 -0.16216164827346802
0.26183566451072693 -0.3281661868095398 -0.007914099842309952 0.9075717329978943 -11.043527603149414 -50.04194641113281 -7.112288475036621 10.345724105834961 -26.925373077392578 -40.33546447753906 0.13586603105068207 -0.5160056948661804 0.8300495147705078 -0.006339928135275841 0.8440693020820618 -0.4714781641960144 -0.25537246465682983 -0.16216164827346802
0.21896396577358246 -0.3704385757446289 -0.010986057110130787 0.9026125073432922 -11.043527603149414 -50.04194641113281 -7.112288475036621 7.2077531814575195 -23.918575286865234 -43.0481071472168 0.13586603105068207 -0.5160056948661804 0.8300495147705078 0.006763750687241554 0.8548793196678162 -0.4348098933696747 -0.282976895570755 -0.16216164827346802
0.1665991246700287 -0.41838735342025757 -0.013533714227378368 0.8927561640739441 -11.043527603149414 -50.04194641113281 -7.112288475036621 3.9317710399627686 -19.92210578918457 -46.3256950378418 0.13586603105068207 -0.5160056948661804 0.8300495147705078 -0.009884909726679325 0.8715627193450928 -0.3944462239742279 -0.2910205125808716 -0.16216164827346802
0.14445838332176208 -0.4377588927745819 -0.012103640474379063 0.8873288035392761 -11.043527603149414 -50.04194641113281 -7.112288475036621 3.342423915863037 -17.847517013549805 -47.979156494140625 0.13586603105068207 -0.5160056948661804 0.8300495147705078 -0.008795901201665401 0.8832217454910278 -0.3698705732822418 -0.2881627380847931 -0.16216164827346802
0.11565328389406204 -0.4557572901248932 -0.0069066607393324375 0.8825315237045288 -11.043527603149414 -50.04194641113281 -7.112288475036621 2.5136489868164062 -16.31594467163086 -47.56154251098633 0.13586603105068207 -0.5160056948661804 0.8300495147705078 0.0055610607378184795 0.888026237487793 -0.35654863715171814 -0.29026129841804504 -0.16216164827346802
0.030293120071291924 -0.4933091104030609 -0.0008342527435161173 0.8693260550498962 -11.043527603149414 -50.04194641113281 -7.112288475036621 -0.8215687870979309 -9.097729682922363 -48.03593826293945 0.13586603105068207 -0.5160056948661804 0.8300495147705078 0.01234382763504982 0.8913545608520508 -0.31028348207473755 -0.33024054765701294 -0.16216164827346802
-0.046607136726379395 -0.5054991245269775 -0.005023299250751734 0.8615527749061584 -11.043527603149414 -50.04194641113281 -7.112288475036621 -0.9009561538696289 -2.1900992393493652 -48.005489349365234 0.13586603105068207 -0.5160056948661804 0.8300495147705078 0.022127285599708557 0.9105665683746338 -0.2445545494556427 -0.3325236439704895 -0.16216164827346802
-0.1027393639087677 -0.4970611035823822 -0.0000026547083962213947 0.8616118431091309 -11.043527603149414 -50.04194641113281 -7.112288475036621 1.2213128805160522 1.3333463668823242 -47.5800895690918 0.13586603105068207 -0.5160056948661804 0.8300495147705078 0.043680302798748016 0.9229032397270203 -0.20690706372261047 -0.3217625916004181 -0.16216164827346802
-0.19447655975818634 -0.4680602550506592 0.006103280931711197 0.8620100617408752 -11.043527603149414 -50.04194641113281 -7.112288475036621 5.442992210388184 7.122287750244141 -48.32725524902344 0.13586603105068207 -0.5160056948661804 0.8300495147705078 0.058461159467697144 0.9394569993019104 -0.16098736226558685 -0.2967926263809204 -0.16216164827346802
-0.24835634231567383 -0.42753368616104126 0.026558108627796173 0.8688088059425354 -11.043527603149414 -50.04194641113281 -7.112288475036621 10.804780006408691 7.417149066925049 -48.82137680053711 0.13586603105068207 -0.5160056948661804 0.8300495147705078 0.09290368109941483 0.9440503120422363 -0.17048928141593933 -0.2665921151638031 -0.16216164827346802
-0.29678526520729065 -0.38563552498817444 0.05107114091515541 0.872121274471283 -11.043527603149414 -50.04194641113281 -7.112288475036621 15.294402122497559 7.815919399261475 -48.300899505615234 0.13586603105068207 -0.5160056948661804 0.8300495147705078 0.12924006581306458 0.9539849162101746 -0.16128145158290863 -0.2172512263059616 -0.16216164827346802
-0.35072675347328186 -0.3130357265472412 0.0602666512131691 0.880549430847168 -11.043527603149414 -50.04194641113281 -7.112288475036621 21.94416046142578 6.607955455780029 -46.22904968261719 0.13586603105068207 -0.5160056948661804 0.8300495147705078 0.1613108515739441 0.9591105580329895 -0.13774295151233673 -0.18738357722759247 -0.16216164827346802
-0.40449050068855286 -0.20618391036987305 0.070212222635746 0.8882262706756592 -11.043527603149414 -50.04194641113281 -7.112288475036621 29.5174617767334 2.4774436950683594 -43.409603118896484 0.13586603105068207 -0.5160056948661804 0.8300495147705078 0.2100364714860916 0.9644720554351807 -0.11480268836021423 -0.11179786175489426 -0.16216164827346802
-0.43426719307899475 -0.0801774337887764 0.06820940226316452 0.8946122527122498 -11.043527603149414 -50.04194641113281 -7.112288475036621 35.64146041870117 -3.968479871749878 -37.68212127685547 0.13586603105068207 -0.5160056948661804 0.8300495147705078 0.2794158160686493 0.9400560855865479 -0.166859433054924 -0.1018783375620842 -0.16216164827346802
-0.4394097924232483 0.04850740730762482 0.06981971859931946 0.8942546248435974 -11.043527603149414 -50.04194641113281 -7.112288475036621 36.6231689453125 -11.721624374389648 -29.71690559387207 0.13586603105068207 -0.5160056948661804 0.8300495147705078 0.31142234802246094 0.9153931736946106 -0.23566974699497223 -0.09762831777334213 -0.16216164827346802
-0.4355371296405792 0.13973817229270935 0.0760001391172409 0.8860049247741699 -11.043527603149414 -50.04194641113281 -7.112288475036621 37.94438552856445 -17.064048767089844 -27.43813705444336 0.13586603105068207 -0.5160056948661804 0.8300495147705078 0.29963189363479614 0.9118196368217468 -0.280561625957489 -0.009535235352814198 -0.16216164827346802
-0.4276770055294037 0.21493250131607056 0.04048542305827141 0.8770731687545776 -11.043527603149414 -50.04194641113281 -7.112288475036621 40.991756439208984 -20.11518669128418 -22.953887939453125 0.13586603105068207 -0.5160056948661804 0.8300495147705078 0.2581879198551178 0.9129072427749634 -0.31484249234199524 -0.028523709625005722 -0.16216164827346802
-0.4185366630554199 0.2662036716938019 0.02023666352033615 0.8680744171142578 -11.043527603149414 -50.04194641113281 -7.112288475036621 40.62797164916992 -21.12363624572754 -19.631755828857422 0.13586603105068207 -0.5160056948661804 0.8300495147705078 0.11824101209640503 0.9134131073951721 -0.3275758624076843 -0.21068845689296722 -0.16216164827346802
-0.4000731110572815 0.3278633952140808 0.009944343939423561 0.8557734489440918 -11.043527603149414 -50.04194641113281 -7.112288475036621 37.08759307861328 -20.394676208496094 -15.74310302734375 0.13586603105068207 -0.5160056948661804 0.8300495147705078 0.04075639322400093 0.8905049562454224 -0.39969688653945923 -0.2134999781847 -0.16216164827346802
-0.3058275282382965 0.42016100883483887 -0.039152201265096664 0.8534643650054932 -11.043527603149414 -50.04194641113281 -7.112288475036621 34.6358642578125 -20.94239044189453 -9.225110054016113 0.13586603105068207 -0.5160056948661804 0.8300495147705078 -0.02904372289776802 0.9155350923538208 -0.3734876811504364 -0.1464885026216507 -0.16216164827346802
-0.21929897367954254 0.46223098039627075 -0.0636686310172081 0.8568528294563293 -11.043527603149414 -50.04194641113281 -7.112288475036621 34.6358642578125 -20.94239044189453 -9.225110054016113 0.13586603105068207 -0.5160056948661804 0.8300495147705078 -0.02904372289776802 0.9155350923538208 -0.3734876811504364 -0.1464885026216507 -0.16216164827346802
-0.1375131458044052 0.49197474122047424 -0.06607010960578918 0.8571381568908691 -11.043527603149414 -50.04194641113281 -7.112288475036621 34.6358642578125 -20.94239044189453 -9.225110054016113 0.13586603105068207 -0.5160056948661804 0.8300495147705078 -0.02904372289776802 0.9155350923538208 -0.3734876811504364 -0.1464885026216507 -0.16216164827346802
-0.0530426949262619 0.4939928352832794 -0.05606640502810478 0.8660335540771484 -11.043527603149414 -50.04194641113281 -7.112288475036621 34.6358642578125 -20.94239044189453 -9.225110054016113 0.13586603105068207 -0.5160056948661804 0.8300495147705078 -0.02904372289776802 0.9155350923538208 -0.3734876811504364 -0.1464885026216507 -0.16216164827346802
-0.03711990267038345 0.4180661737918854 -0.054455675184726715 0.906022846698761 -11.043527603149414 -50.04194641113281 -7.112288475036621 34.6358642578125 -20.94239044189453 -9.225110054016113 0.13586603105068207 -0.5160056948661804 0.8300495147705078 -0.02904372289776802 0.9155350923538208 -0.3734876811504364 -0.1464885026216507 -0.16216164827346802
-0.27931714057922363 0.14057514071464539 -0.04167283698916435 0.9489383101463318 -11.043527603149414 -50.04194641113281 -7.112288475036621 34.6358642578125 -20.94239044189453 -9.225110054016113 0.13586603105068207 -0.5160056948661804 0.8300495147705078 -0.02904372289776802 0.9155350923538208 -0.3734876811504364 -0.1464885026216507 -0.16216164827346802
-0.4417114853858948 -0.03209301829338074 -0.009614060632884502 0.8965314030647278 -28.452917098999023 -0.36923542618751526 -19.457876205444336 34.6358642578125 -20.94239044189453 -9.225110054016113 -0.10638825595378876 0.9833446145057678 -0.08451592177152634 -0.02904372289776802 0.9155350923538208 -0.3734876811504364 -0.1464885026216507 0.12071436643600464
-0.48516982793807983 -0.03434662148356438 0.009571344591677189 0.8736927509307861 -29.628265380859375 4.326395034790039 -18.943138122558594 25.354257583618164 7.513614177703857 -22.444623947143555 -0.09174725413322449 0.9766025543212891 -0.0594293549656868 -0.0369575209915638 0.9964672923088074 -0.06420435011386871 -0.03955797106027603 0.18519726395606995
-0.5151228904724121 -0.004307606257498264 0.023118197917938232 0.8567937016487122 -26.816959381103516 6.037668704986572 -16.77971649169922 29.431272506713867 9.38839054107666 -19.215730667114258 -0.13868200778961182 0.9788212180137634 -0.09991844743490219 0.09469187259674072 0.9882696866989136 -0.11770418286323547 -0.02240942046046257 0.11266131699085236
-0.5243653655052185 0.00722198560833931 0.027641627937555313 0.8510138988494873 -25.604867935180664 6.374892234802246 -16.39321517944336 27.62563133239746 8.168816566467285 -17.99103355407715 -0.16025769710540771 0.9806445837020874 -0.08405477553606033 0.1168704554438591 0.980625331401825 -0.10107254236936569 -0.12041439861059189 0.0747564285993576
-0.5387116074562073 0.008428743109107018 0.023573948070406914 0.8421182632446289 -25.604867935180664 6.374892234802246 -16.39321517944336 27.62563133239746 8.168816566467285 -17.99103355407715 -0.16025769710540771 0.9806445837020874 -0.08405477553606033 0.1168704554438591 0.980625331401825 -0.10107254236936569 -0.12041439861059189 0.0747564285993576
-0.5406956672668457 -0.006707995664328337 0.002400016412138939 0.8411881327629089 -25.604867935180664 6.374892234802246 -16.39321517944336 27.62563133239746 8.168816566467285 -17.99103355407715 -0.16025769710540771 0.9806445837020874 -0.08405477553606033 0.1168704554438591 0.980625331401825 -0.10107254236936569 -0.12041439861059189 0.0747564285993576
-0.5207603573799133 -0.001816827803850174 0.010585082694888115 0.8536353707313538 -25.604867935180664 6.374892234802246 -16.39321517944336 27.62563133239746 8.168816566467285 -17.99103355407715 -0.16025769710540771 0.9806445837020874 -0.08405477553606033 0.1168704554438591 0.980625331401825 -0.10107254236936569 -0.12041439861059189 0.0747564285993576
-0.44057324528694153 0.021342862397432327 0.011586513370275497 0.8973881602287292 -25.604867935180664 6.374892234802246 -16.39321517944336 27.62563133239746 8.168816566467285 -17.99103355407715 -0.16025769710540771 0.9806445837020874 -0.08405477553606033 0.1168704554438591 0.980625331401825 -0.10107254236936569 -0.12041439861059189 0.0747564285993576
-0.2739276587963104 0.05266951769590378 0.024324888363480568 0.9599989056587219 -25.604867935180664 6.374892234802246 -16.39321517944336 27.62563133239746 8.168816566467285 -17.99103355407715 -0.16025769710540771 0.9806445837020874 -0.08405477553606033 0.1168704554438591 0.980625331401825 -0.10107254236936569 -0.12041439861059189 0.0747564285993576
-0.0038924217224121094 0.06699246913194656 0.025196943432092667 0.9974276423454285 -25.01877784729004 -19.602069854736328 -15.33089828491211 27.62563133239746 8.168816566467285 -17.99103355407715 -0.21573574841022491 0.8638009428977966 -0.4079424738883972 0.1168704554438591 0.980625331401825 -0.10107254236936569 -0.12041439861059189 0.2022102177143097
0.12502814829349518 0.05501478910446167 0.025472596287727356 0.9902991652488708 -25.90308952331543 -27.35613250732422 -10.870387077331543 33.659603118896484 -23.9190731048584 -13.396557807922363 -0.27471908926963806 0.799148440361023 -0.46654680371284485 0.061096686869859695 0.9351663589477539 -0.3423752188682556 -0.06715888530015945 0.2611995339393616
0.20349431037902832 0.03070862777531147 0.013476775027811527 0.9785016775131226 -26.677087783813477 -30.481626510620117 -5.5082688331604 24.67630958557129 -27.705793380737305 -8.635671615600586 -0.27247485518455505 0.7603712677955627 -0.577888548374176 0.17691417038440704 0.8146005868911743 -0.4886972904205322 -0.25749215483665466 0.11678117513656616
0.2399243712425232 0.005994399078190327 0.005914027336984873 0.9707551002502441 -27.902921676635742 -33.22700119018555 -3.5318305492401123 23.568004608154297 -29.644256591796875 -7.102944374084473 -0.2579108774662018 0.746510922908783 -0.6072666645050049 0.1475587785243988 0.7932445406913757 -0.5551960468292236 -0.20185834169387817 0.08620139211416245
0.26480600237846375 -0.0034548956900835037 0.004853350576013327 0.964283287525177 -28.363821029663086 -33.55930709838867 -2.968508720397949 23.181222915649414 -30.889177322387695 -6.175219535827637 -0.23141829669475555 0.7466195225715637 -0.6209907531738281 0.1676848828792572 0.7650194764137268 -0.5756794810295105 -0.2349894493818283 0.05809750035405159
0.2681835889816284 -0.0007462162175215781 0.002137086819857359 0.9633652567863464 -28.363821029663086 -33.55930709838867 -2.968508720397949 22.88382911682129 -32.481597900390625 -5.308277606964111 -0.23141829669475555 0.7466195225715637 -0.6209907531738281 0.16822758316993713 0.7661762237548828 -0.5685979127883911 -0.2477295994758606 0.05809750035405159
0.2671171724796295 -0.003627830883488059 0.0003009894280694425 0.9636572003364563 -28.363821029663086 -33.55930709838867 -2.968508720397949 18.042850494384766 -35.508270263671875 -4.213279724121094 -0.23141829669475555 0.7466195225715637 -0.6209907531738281 0.04819101467728615 0.7541798949241638 -0.610090434551239 -0.2380756139755249 0.05809750035405159
0.2394685298204422 -0.00143134081736207 -0.003750600852072239 0.9708958268165588 -28.363821029663086 -33.55930709838867 -2.968508720397949 12.374544143676758 -38.17250442504883 -5.514283180236816 -0.23141829669475555 0.7466195225715637 -0.6209907531738281 -0.011497294530272484 0.7469733953475952 -0.640977680683136 -0.17619933187961578 0.05809750035405159
0.23767264187335968 0.00616877106949687 -0.006504138931632042 0.9713039994239807 -28.363821029663086 -33.55930709838867 -2.968508720397949 12.86523723602295 -38.03731155395508 -6.160094261169434 -0.23141829669475555 0.7466195225715637 -0.6209907531738281 -0.0017337935278192163 -0.6807454824447632 0.6994925737380981 0.21746894717216492 0.05809750035405159
0.17260733246803284 0.017522817477583885 0.003744411049410701 0.9848276972770691 -28.363821029663086 -33.55930709838867 -2.968508720397949 13.220688819885254 -34.52549362182617 -10.328232765197754 -0.23141829669475555 0.7466195225715637 -0.6209907531738281 0.12262089550495148 0.7468194961547852 -0.5887319445610046 -0.28393566608428955 0.05809750035405159
0.148328498005867 0.01990528032183647 0.00333696068264544 0.9887322187423706 -28.363821029663086 -33.55930709838867 -2.968508720397949 14.014691352844238 -32.338478088378906 -11.009758949279785 -0.23141829669475555 0.7466195225715637 -0.6209907531738281 0.08831875026226044 0.7404800653457642 -0.6066247820854187 -0.2754911780357361 0.05809750035405159
0.17174145579338074 -0.06391175091266632 -0.00568725960329175 0.9830502867698669 -28.363821029663086 -33.55930709838867 -2.968508720397949 10.928709030151367 -33.16556167602539 -11.41024398803711 -0.23141829669475555 0.7466195225715637 -0.6209907531738281 0.04799618944525719 0.6949496865272522 -0.6377434730529785 -0.32867079973220825 0.05809750035405159
0.169627845287323 -0.20207640528678894 -0.017459049820899963 0.9644100069999695 -28.363821029663086 -33.55930709838867 -2.968508720397949 3.9952733516693115 -33.63762283325195 -12.25970458984375 -0.23141829669475555 0.7466195225715637 -0.6209907531738281 0.009412767365574837 0.6937514543533325 -0.5728267431259155 -0.43645158410072327 0.05809750035405159
0.13916228711605072 -0.2743184268474579 -0.021292010322213173 0.951278030872345 -28.363821029663086 -33.55930709838867 -2.968508720397949 -0.6141846179962158 -34.5627555847168 -15.359076499938965 -0.23141829669475555 0.7466195225715637 -0.6209907531738281 -0.06414349377155304 0.6613388061523438 -0.5708686709403992 -0.4823126494884491 0.05809750035405159
0.10186295211315155 -0.3245934545993805 -0.026047104969620705 0.93999183177948 -28.363821029663086 -33.55930709838867 -2.968508720397949 -3.587399482727051 -32.0455436706543 -17.040157318115234 -0.23141829669475555 0.7466195225715637 -0.6209907531738281 -0.1342553347349167 0.616495668888092 -0.5972041487693787 -0.49523302912712097 0.05809750035405159
0.05593543499708176 -0.31382620334625244 -0.021052611991763115 0.9475975632667542 -28.363821029663086 -33.55930709838867 -2.968508720397949 -4.088152885437012 -30.336917877197266 -19.40018081665039 -0.23141829669475555 0.7466195225715637 -0.6209907531738281 -0.11972876638174057 0.6450155973434448 -0.5620779991149902 -0.5036747455596924 0.05809750035405159
0.04371490702033043 -0.3020586371421814 -0.019290121272206306 0.9520910978317261 -28.363821029663086 -33.55930709838867 -2.968508720397949 -3.1262991428375244 -29.303560256958008 -20.126922607421875 -0.23141829669475555 0.7466195225715637 -0.6209907531738281 -0.1010708138346672 0.6414974927902222 -0.5801243185997009 -0.4916518032550812 0.05809750035405159
0.00799274630844593 -0.32359078526496887 -0.020937593653798103 0.945931613445282 -28.363821029663086 -33.55930709838867 -2.968508720397949 -4.954099655151367 -26.939523696899414 -21.634164810180664 -0.23141829669475555 0.7466195225715637 -0.6209907531738281 -0.126289963722229 0.6490082144737244 -0.5533555746078491 -0.5065932869911194 0.05809750035405159
-0.04466160386800766 -0.3792026937007904 -0.029556380584836006 0.9237625002861023 -28.363821029663086 -33.55930709838867 -2.968508720397949 -9.065506935119629 -23.63886833190918 -22.951622009277344 -0.23141829669475555 0.7466195225715637 -0.6209907531738281 -0.1813105195760727 0.654545247554779 -0.480439156293869 -0.5548650622367859 0.05809750035405159
-0.0950060486793518 -0.404927521944046 -0.02825113572180271 0.9089606404304504 -28.363821029663086 -33.55930709838867 -2.968508720397949 -11.555610656738281 -20.69672966003418 -24.29603385925293 -0.23141829669475555 0.7466195225715637 -0.6209907531738281 -0.2065906822681427 0.6684607267379761 -0.40847256779670715 -0.5862002372741699 0.05809750035405159
-0.10894700884819031 -0.42534294724464417 -0.02558237873017788 0.8980865478515625 -28.363821029663086 -33.55930709838867 -2.968508720397949 -13.385110855102539 -20.27074432373047 -23.67116355895996 -0.23141829669475555 0.7466195225715637 -0.6209907531738281 -0.21742646396160126 0.6550748944282532 -0.39505720138549805 -0.6062445044517517 0.05809750035405159
-0.12187743186950684 -0.4048543870449066 -0.022082842886447906 0.9059531688690186 -28.363821029663086 -33.55930709838867 -2.968508720397949 -12.502392768859863 -19.598161697387695 -24.751935958862305 -0.23141829669475555 0.7466195225715637 -0.6209907531738281 -0.21033433079719543 0.6667153239250183 -0.38753175735473633 -0.6008903980255127 0.05809750035405159
-0.1366327852010727 -0.3822923004627228 -0.01969473995268345 0.9136718511581421 -28.363821029663086 -33.55930709838867 -2.968508720397949 -11.106134414672852 -18.09947395324707 -25.83411979675293 -0.23141829669475555 0.7466195225715637 -0.6209907531738281 -0.20285625755786896 0.6878054738044739 -0.3984462320804596 -0.5718510746955872 0.05809750035405159
-0.1590431034564972 -0.3609386086463928 -0.009391444735229015 0.9188799858093262 -28.363821029663086 -33.55930709838867 -2.968508720397949 -9.597386360168457 -16.211210250854492 -26.107255935668945 -0.23141829669475555 0.7466195225715637 -0.6209907531738281 -0.1918582320213318 0.6980584859848022 -0.4036373496055603 -0.5594476461410522 0.05809750035405159
-0.1869831681251526 -0.3415099084377289 0.00046241626841947436 0.9210907220840454 -28.363821029663086 -33.55930709838867 -2.968508720397949 -8.921177864074707 -14.005033493041992 -27.101154327392578 -0.23141829669475555 0.7466195225715637 -0.6209907531738281 -0.18539081513881683 0.7202883362770081 -0.3838176429271698 -0.5472650527954102 0.05809750035405159
-0.22572655975818634 -0.3142305910587311 0.01667453721165657 0.921970009803772 -28.363821029663086 -33.55930709838867 -2.968508720397949 -7.726563453674316 -11.214577674865723 -28.24834632873535 -0.23141829669475555 0.7466195225715637 -0.6209907531738281 -0.1786712408065796 0.7502711415290833 -0.3428729176521301 -0.5362910032272339 0.05809750035405159
-0.28926119208335876 -0.2482076734304428 0.02500123903155327 0.9241730570793152 -28.363821029663086 -33.55930709838867 -2.968508720397949 -3.5485100746154785 -6.722499370574951 -30.14046287536621 -0.23141829669475555 0.7466195225715637 -0.6209907531738281 -0.17435532808303833 0.8080101609230042 -0.2833828330039978 -0.4862242043018341 0.05809750035405159
-0.31391245126724243 -0.14814729988574982 0.03557165339589119 0.9371477961540222 -26.75574493408203 -5.969855308532715 -23.624286651611328 3.8325748443603516 -5.6990966796875 -30.633705139160156 -0.042224448174238205 0.9441736936569214 -0.29944247007369995 -0.13649317622184753 0.8570285439491272 -0.2620668411254883 -0.4221287667751312 0.13071858882904053
-0.31977730989456177 -0.10540685802698135 0.032675113528966904 0.9410442113876343 -22.19031524658203 -5.173830509185791 -23.58633804321289 7.205606937408447 -5.797454357147217 -30.665584564208984 -0.028697246685624123 0.9361966848373413 -0.30670270323753357 -0.1132993996143341 0.8743011355400085 -0.27673277258872986 -0.3823346495628357 0.1692502498626709
-0.32743436098098755 -0.10961220413446426 0.032041534781455994 0.9379473328590393 -22.06012535095215 -4.364494800567627 -23.029924392700195 7.131885051727295 -5.027005195617676 -31.17257308959961 -0.03732478246092796 0.9335348010063171 -0.31337717175483704 -0.11658687889575958 0.8738391399383545 -0.26916930079460144 -0.3877634108066559 0.17004220187664032
-0.32653141021728516 -0.11042357236146927 0.033899616450071335 0.9381016492843628 -22.123680114746094 -4.372008800506592 -22.91141700744629 7.054080963134766 -5.10392951965332 -31.08518409729004 -0.03233552351593971 0.9332525730133057 -0.31771937012672424 -0.11636234819889069 0.8728227615356445 -0.2701627016067505 -0.38942572474479675 0.1644643247127533
-0.32256782054901123 -0.10392932593822479 0.033641040325164795 0.9402217864990234 -21.343799591064453 -4.764686584472656 -23.12819480895996 7.352050304412842 -5.507393836975098 -31.177661895751953 -0.037963323295116425 0.9268587827682495 -0.333243727684021 -0.11551588028669357 0.8854884505271912 -0.3203165531158447 -0.31617021560668945 0.16864217817783356
-0.3271331489086151 -0.053840234875679016 0.02653168886899948 0.943070113658905 -17.671199798583984 -5.761316299438477 -26.252758026123047 9.549553871154785 -7.362720489501953 -31.523149490356445 -0.016774462535977364 0.9137547016143799 -0.3559805154800415 -0.0807456523180008 0.9024640321731567 -0.34941622614860535 -0.23863588273525238 0.1950611025094986
-0.32962897419929504 0.032720793038606644 -0.00476973969489336 0.943531334400177 -10.486507415771484 -8.966423034667969 -32.93710708618164 16.93174171447754 -10.372029304504395 -34.12406539916992 -0.03973698243498802 0.9020130038261414 -0.34348180890083313 -0.03593924269080162 0.9388736486434937 -0.32910287380218506 -0.09442464262247086 0.25848352909088135
-0.3400311768054962 0.049636416137218475 -0.017214609310030937 0.9389455318450928 -8.842239379882812 -8.773733139038086 -34.84794616699219 19.9970703125 -9.628766059875488 -33.62691116333008 -0.05844728648662567 0.893872857093811 -0.323961079120636 -0.017855165526270866 0.9424991607666016 -0.3174656927585602 -0.10291774570941925 0.30434268712997437
-0.3356100618839264 0.0679955706000328 -0.012938573025166988 0.9394546747207642 -7.944293022155762 -10.156379699707031 -35.2280158996582 21.67304229736328 -11.67124080657959 -33.20161056518555 -0.04462399333715439 0.8876399993896484 -0.3343881368637085 0.00037742406129837036 0.9440576434135437 -0.3184867799282074 -0.08556439727544785 0.3135099411010742
-0.31049126386642456 0.09036459028720856 -0.015145617537200451 0.9461500644683838 -7.270611763000488 -15.652185440063477 -35.044857025146484 23.2127628326416 -17.889402389526367 -30.766704559326172 -0.04639502242207527 0.8778506517410278 -0.35922256112098694 0.0254695862531662 0.9381744861602783 -0.33934545516967773 -0.06343934684991837 0.3133448362350464
-0.3302009701728821 0.11824376881122589 -0.011525954119861126 0.9364042282104492 -5.033084392547607 -13.79642391204834 -35.70682144165039 25.322229385375977 -17.901411056518555 -30.775129318237305 -0.033394768834114075 0.8712287545204163 -0.3458579480648041 0.051848482340574265 0.9436337947845459 -0.3245668113231659 -0.039030808955430984 0.34673842787742615
-0.3619510233402252 0.12757669389247894 -0.012858903035521507 0.9233365058898926 -4.309987545013428 -11.266489028930664 -35.2994499206543 25.905994415283203 -15.590576171875 -29.518518447875977 -0.013684091158211231 0.8728963136672974 -0.3332776427268982 0.053004149347543716 0.9470534920692444 -0.31515586376190186 -0.03093566559255123 0.35607701539993286
-0.35305026173591614 0.14580130577087402 -0.021375181153416634 0.9239267110824585 -2.646569013595581 -12.563252449035645 -34.47150421142578 26.832984924316406 -16.4383602142334 -26.70418930053711 0.006966287735849619 0.8554477095603943 -0.3500801622867584 0.04993453249335289 0.9440224766731262 -0.3260732889175415 -0.002070148242637515 0.38158175349235535
-0.3567875325679779 0.15252651274204254 -0.04035946726799011 0.9207656979560852 -2.7156171798706055 -11.575196266174316 -31.458101272583008 26.09196662902832 -14.862235069274902 -22.476337432861328 0.025691429153084755 0.8503829836845398 -0.3542754650115967 0.028035368770360947 0.9441711902618408 -0.3276715874671936 0.019647978246212006 0.3881721496582031
-0.399236261844635 0.13780386745929718 -0.03441436588764191 0.9057793617248535 -4.274075031280518 -8.861564636230469 -29.520795822143555 24.515094757080078 -12.643589973449707 -20.53426742553711 0.03434116393327713 0.8689332604408264 -0.32105752825737 0.013974578119814396 0.9555692076683044 -0.29439690709114075 -0.004762113559991121 0.3750969469547272
-0.40705209970474243 0.1383645236492157 -0.03162001445889473 0.9023103713989258 -4.26777982711792 -9.20638656616211 -29.786640167236328 23.94944953918457 -12.642784118652344 -20.35399627685547 0.022442957386374474 0.8641651272773743 -0.33080849051475525 0.019029729068279266 0.9481529593467712 -0.3172384798526764 -0.0018998124869540334 0.3785243630409241
-0.40481922030448914 0.14755700528621674 -0.03173648938536644 0.9018542766571045 -3.88814115524292 -9.86354923248291 -30.00212860107422 23.880054473876953 -12.781940460205078 -20.356887817382812 0.030000876635313034 0.86638343334198 -0.3385329246520996 0.018509970977902412 0.9459850788116455 -0.3236735761165619 0.002252900041639805 0.3658895790576935
-0.38354185223579407 0.1835198998451233 -0.04685193672776222 0.9038921594619751 -0.6606445908546448 -11.555442810058594 -29.64936637878418 25.8000545501709 -14.204048156738281 -17.957595825195312 0.035454027354717255 0.8393282294273376 -0.3598490357398987 0.035061582922935486 0.934787392616272 -0.35133618116378784 0.03880913183093071 0.405930757522583
-0.3549630343914032 0.20205874741077423 -0.05291826277971268 0.9112481474876404 0.5634567737579346 -13.555150032043457 -29.345844268798828 26.740856170654297 -16.588382720947266 -17.318157196044922 0.030156105756759644 0.8129225373268127 -0.3839365541934967 0.04224538803100586 0.9288581013679504 -0.3624779284000397 0.06362166255712509 0.43685266375541687
-0.3219181001186371 0.21612605452537537 -0.05688285827636719 0.9200122952461243 1.2310056686401367 -16.10900115966797 -28.892475128173828 28.00163459777832 -19.11417579650879 -16.646310806274414 0.022009221836924553 0.7903602123260498 -0.42541199922561646 0.02835841104388237 0.924046516418457 -0.3740208148956299 0.07377178221940994 0.4403078556060791
-0.29703158140182495 0.21641656756401062 -0.06119702756404877 0.9280038475990295 1.2978051900863647 -17.70655632019043 -28.603195190429688 28.65019989013672 -20.51868438720703 -16.53247833251953 0.015744363889098167 0.7868050336837769 -0.42715930938720703 0.019228298217058182 0.9244235157966614 -0.37390831112861633 0.07255319505929947 0.4452245235443115
-0.2880430221557617 0.19315087795257568 -0.06304407119750977 0.9358147978782654 -0.4189135730266571 -18.58746910095215 -28.084768295288086 28.19240379333496 -21.68913459777832 -17.75218391418457 0.00007205529254861176 0.7900860905647278 -0.4409920573234558 -0.002840192522853613 0.9300664067268372 -0.36548081040382385 0.03731168806552887 0.42578163743019104
-0.30194199085235596 0.06408628821372986 -0.043865978717803955 0.9501577615737915 -9.323455810546875 -18.395172119140625 -27.01318359375 20.13361167907715 -20.786357879638672 -24.00234031677246 -0.05849551409482956 0.8357158899307251 -0.44923877716064453 -0.045584067702293396 0.9267529845237732 -0.3610190749168396 -0.09336080402135849 0.3103897273540497
-0.3099060356616974 -0.024687912315130234 -0.01860024593770504 0.9502646327018738 -15.7529296875 -18.63433837890625 -25.374652862548828 13.1118803024292 -20.228839874267578 -26.229528427124023 -0.06585823744535446 0.8709378838539124 -0.44016316533088684 -0.044095758348703384 0.8976557850837708 -0.3882228136062622 -0.20384487509727478 0.20829373598098755
-0.30146268010139465 -0.07272419333457947 -0.0049883960746228695 0.9506873488426208 -19.3975772857666 -20.455520629882812 -24.844879150390625 9.698124885559082 -21.126129150390625 -27.17243766784668 -0.08515579998493195 0.8821521997451782 -0.4352909028530121 -0.05091289058327675 0.8717570900917053 -0.40646523237228394 -0.2687627971172333 0.15835972130298615
-0.2830996811389923 -0.11039802432060242 -0.008506379090249538 0.9526775479316711 -21.52561378479004 -23.408660888671875 -24.975139617919922 7.965823173522949 -22.408613204956055 -27.72229766845703 -0.09617584198713303 0.901841938495636 -0.40239274501800537 -0.07167548686265945 0.8594956994056702 -0.4038976728916168 -0.3049532175064087 0.1245451495051384
-0.2469779998064041 -0.13830649852752686 -0.006244568154215813 0.9590798616409302 -23.44001579284668 -26.250795364379883 -23.165573120117188 6.628786563873291 -24.542709350585938 -26.841581344604492 -0.10437380522489548 0.8852143883705139 -0.4388093054294586 -0.09282677620649338 0.849334716796875 -0.41611430048942566 -0.3112276494503021 0.11378893256187439
-0.22203199565410614 -0.199895977973938 0.005305086262524128 0.9543139934539795 -30.382654190063477 -32.165130615234375 -24.216581344604492 3.2172811031341553 -26.829635620117188 -28.361604690551758 -0.005460117477923632 0.9380764365196228 -0.3398441672325134 -0.1484525352716446 0.815087080001831 -0.48640212416648865 -0.2775029242038727 0.06699776649475098
-0.16355448961257935 -0.2604995369911194 0.02051844447851181 0.9512985348701477 -26.64910125732422 -28.172393798828125 -10.584746360778809 -3.169577121734619 -31.074077606201172 -24.885929107666016 -0.2592644691467285 0.8058183193206787 -0.5309463739395142 0.09383326023817062 0.8055716753005981 -0.43358471989631653 -0.3927517533302307 0.03917577117681503
-0.14165116846561432 -0.25373125076293945 0.022649861872196198 0.9565784931182861 -28.693517684936523 -33.50356674194336 -12.155322074890137 -0.16272106766700745 -30.928842544555664 -22.628141403198242 -0.238103985786438 0.8443264365196228 -0.46825671195983887 -0.1106036826968193 0.7892252802848816 -0.4682217538356781 -0.38165250420570374 0.10561718791723251
-0.10687190294265747 -0.2416982501745224 0.02176714688539505 0.9642025828361511 -27.071298599243164 -34.134979248046875 -10.919681549072266 1.2525606155395508 -33.32559585571289 -21.09775733947754 -0.2543898820877075 0.8025148510932922 -0.5280293822288513 -0.09559369832277298 0.772278368473053 -0.5073551535606384 -0.370187371969223 0.11153770983219147
-0.07132189720869064 -0.21950720250606537 0.025035398080945015 0.9726783037185669 -25.448925018310547 -34.047340393066406 -10.080794334411621 2.5576677322387695 -35.443965911865234 -19.408344268798828 -0.25111204385757446 0.7676234841346741 -0.5808430910110474 -0.06973505020141602 0.7599227428436279 -0.5419193506240845 -0.35210490226745605 0.10157870501279831
-0.044799402356147766 -0.16555720567703247 0.020827390253543854 0.9849619269371033 -21.7528076171875 -33.43229293823242 -10.446975708007812 6.4516448974609375 -37.07164764404297 -18.111631393432617 -0.20420347154140472 0.7418497204780579 -0.6295289397239685 -0.045156192034482956 0.7587445974349976 -0.5737361907958984 -0.3051137328147888 0.10795021057128906
-0.021412858739495277 -0.14265888929367065 0.02508537285029888 0.9892222881317139 -20.828907012939453 -34.11326599121094 -10.203266143798828 7.697971343994141 -38.07976150512695 -16.778366088867188 -0.18861731886863708 0.7315362691879272 -0.6455199122428894 -0.03910959139466286 0.7447227239608765 -0.6002628803253174 -0.2890380918979645 0.11217066645622253
-0.020020565018057823 -0.0922308936715126 0.020571479573845863 0.9953238368034363 -18.70664405822754 -34.882686614990234 -12.396371841430664 10.525045394897461 -38.010066986083984 -15.978002548217773 -0.16043736040592194 0.7244994640350342 -0.653236448764801 -0.01647535338997841 0.7505823373794556 -0.6129149198532104 -0.24635349214076996 0.150474414229393
0.001746393390931189 -0.05841021239757538 0.016139734536409378 0.998160719871521 -17.236061096191406 -36.885841369628906 -12.697905540466309 12.662138938903809 -38.3869743347168 -13.607583045959473 -0.1480834037065506 0.7158383131027222 -0.662401020526886 -0.021674619987607002 0.7478622198104858 -0.6289739012718201 -0.21124443411827087 0.16392573714256287
0.036333438009023666 -0.02515595406293869 0.008732128888368607 0.9989848732948303 -15.255874633789062 -38.63894271850586 -11.60234546661377 13.971898078918457 -36.462337493896484 -9.064605712890625 -0.13372312486171722 0.6907513737678528 -0.6847613453865051 0.028119195252656937 0.7337597012519836 -0.6509870290756226 -0.1924109309911728 0.18995431065559387
0.11248544603586197 -0.012479852885007858 0.005847010761499405 0.9935578107833862 -14.102210998535156 -38.999263763427734 -6.182172775268555 15.125337600708008 -39.916168212890625 -4.7203755378723145 0.15402108430862427 -0.6442702412605286 0.7178919315338135 0.01178208738565445 -0.672329306602478 0.7176075577735901 0.18131151795387268 -0.2140667885541916
0.12851382791996002 -0.004720073658972979 0.009038942866027355 0.9916552901268005 -13.725797653198242 -38.46697235107422 -4.39089298248291 16.17393684387207 -43.0118293762207 -2.9957528114318848 0.11205747723579407 -0.6577247381210327 0.7218755483627319 -0.037776101380586624 0.7441625595092773 -0.6484107971191406 -0.15607203543186188 -0.18367630243301392
0.13074569404125214 0.02344236709177494 -0.0016623096307739615 0.9911373853683472 -12.195368766784668 -39.47530746459961 -4.8646626472473145 16.17393684387207 -43.0118293762207 -2.9957528114318848 0.11709727346897125 -0.6507641673088074 0.7149144411087036 -0.037776101380586624 0.7441625595092773 -0.6484107971191406 -0.15607203543186188 -0.22735780477523804
0.12863783538341522 0.0782499834895134 -0.01699870266020298 0.9884535074234009 -9.007582664489746 -38.55214309692383 -5.599287509918213 16.17393684387207 -43.0118293762207 -2.9957528114318848 0.11033918708562851 -0.6286285519599915 0.7259092926979065 -0.037776101380586624 0.7441625595092773 -0.6484107971191406 -0.15607203543186188 -0.2563339173793793
0.11811048537492752 0.1544913351535797 -0.02678748406469822 0.9805430769920349 -5.419544219970703 -37.12839889526367 -8.529563903808594 16.17393684387207 -43.0118293762207 -2.9957528114318848 0.08754239976406097 -0.5300279855728149 0.7906848788261414 -0.037776101380586624 0.7441625595092773 -0.6484107971191406 -0.15607203543186188 -0.2936394512653351
0.0731247216463089 0.25653892755508423 -0.0366615392267704 0.9630662202835083 0.15703251957893372 -37.407508850097656 -11.951701164245605 16.17393684387207 -43.0118293762207 -2.9957528114318848 0.04168706014752388 -0.5860618352890015 0.7006223797798157 -0.037776101380586624 0.7441625595092773 -0.6484107971191406 -0.15607203543186188 -0.4048728346824646
-0.023331234231591225 0.2990923523902893 -0.034986112266778946 0.9532971382141113 4.663824558258057 -33.18115997314453 -19.42218780517578 16.17393684387207 -43.0118293762207 -2.9957528114318848 -0.0597509928047657 -0.6099086403846741 0.6923701763153076 -0.037776101380586624 0.7441625595092773 -0.6484107971191406 -0.15607203543186188 -0.38087373971939087
-0.13115349411964417 0.3075540065765381 -0.02288847044110298 0.9421705603599548 5.48869514465332 -27.764986038208008 -25.79746437072754 16.17393684387207 -43.0118293762207 -2.9957528114318848 0.10768954455852509 0.6874787211418152 -0.610667884349823 -0.037776101380586624 0.7441625595092773 -0.6484107971191406 -0.15607203543186188 0.3779692053794861
-0.20768482983112335 0.31557998061180115 -0.007471895311027765 0.9258620142936707 6.145353317260742 -22.07861328125 -28.136690139770508 16.17393684387207 -43.0118293762207 -2.9957528114318848 0.1369829773902893 0.7312943935394287 -0.5534465312957764 -0.037776101380586624 0.7441625595092773 -0.6484107971191406 -0.15607203543186188 0.3743542730808258
-0.2917829751968384 0.30329978466033936 0.0018735259072855115 0.9071210026741028 5.560347080230713 -14.588342666625977 -28.087383270263672 16.17393684387207 -43.0118293762207 -2.9957528114318848 0.1087481901049614 0.760597825050354 -0.5044981837272644 -0.037776101380586624 0.7441625595092773 -0.6484107971191406 -0.15607203543186188 0.3938863277435303
-0.37695348262786865 0.22185245156288147 -0.005767506547272205 0.8992520570755005 0.865090012550354 -8.840527534484863 -29.847379684448242 16.17393684387207 -43.0118293762207 -2.9957528114318848 0.09575627744197845 0.8341448307037354 -0.4296210706233978 -0.037776101380586624 0.7441625595092773 -0.6484107971191406 -0.15607203543186188 0.3323536515235901
-0.41731035709381104 0.1766205132007599 -0.013890576548874378 0.8913273215293884 -2.1248106956481934 -6.17092752456665 -29.693918228149414 16.17393684387207 -43.0118293762207 -2.9957528114318848 0.05806271359324455 0.866487979888916 -0.38982242345809937 -0.037776101380586624 0.7441625595092773 -0.6484107971191406 -0.15607203543186188 0.3063752055168152
-0.4416225254535675 0.09796132147312164 -0.01842372864484787 0.891646683216095 -7.948638439178467 -5.129087448120117 -28.635143280029297 16.17393684387207 -43.0118293762207 -2.9957528114318848 0.008449037559330463 0.9039328098297119 -0.36569124460220337 -0.037776101380586624 0.7441625595092773 -0.6484107971191406 -0.15607203543186188 0.22159399092197418
-0.4460347592830658 0.015641862526535988 -0.01779135875403881 0.8947020769119263 -14.800850868225098 -6.555544376373291 -28.38193702697754 16.17393684387207 -43.0118293762207 -2.9957528114318848 -0.03906817361712456 0.9221184253692627 -0.29285624623298645 -0.037776101380586624 0.7441625595092773 -0.6484107971191406 -0.15607203543186188 0.24981287121772766
-0.4482177197933197 -0.02053379826247692 -0.0305253267288208 0.8931671380996704 -16.980121612548828 -7.081913948059082 -26.1579532623291 16.17393684387207 -43.0118293762207 -2.9957528114318848 -0.07378491014242172 0.9224424362182617 -0.31363430619239807 -0.037776101380586624 0.7441625595092773 -0.6484107971191406 -0.15607203543186188 0.21281284093856812
-0.4091394543647766 -0.030125996097922325 -0.04487483575940132 0.9108697175979614 -17.189802169799805 -10.536297798156738 -25.898115158081055 16.17393684387207 -43.0118293762207 -2.9957528114318848 -0.10903066396713257 0.8978685736656189 -0.37073835730552673 -0.037776101380586624 0.7441625595092773 -0.6484107971191406 -0.15607203543186188 0.21094417572021484
-0.3105757236480713 -0.04069173336029053 -0.04576653987169266 0.9485738277435303 -19.32057762145996 -16.772560119628906 -24.169355392456055 16.17393684387207 -43.0118293762207 -2.9957528114318848 -0.14704671502113342 0.8778939843177795 -0.3965652585029602 -0.037776101380586624 0.7441625595092773 -0.6484107971191406 -0.15607203543186188 0.22453373670578003