-0.0019938484765589237 -0.00041205273009836674 0.016028033569455147 0.9998694658279419 -20.646045684814453 -39.2036018371582 -12.307294845581055 17.82181167602539 -41.6823616027832 -14.189955711364746 -0.4207254648208618 0.6091651320457458 -0.4653781056404114 0.3202305734157562 0.7047427892684937 -0.4810061752796173 -0.411610275506973270.4851093590259552
0.0002586205955594778 -0.0003314556088298559 0.01656748726963997 0.9998626708984375 -20.762968063354492 -39.76039123535156 -11.996517181396484 18.277606964111328 -40.4788932800293 -13.804102897644043 -0.42714938521385193 0.606767475605011 -0.48841917514801025 0.33301210403442383 0.7015572786331177 -0.47147247195243835 -0.41789239645004270.4591550827026367
-0.0028315354138612747 0.0011814942117780447 0.016230901703238487 0.9998635649681091 -20.480274200439453 -40.302696228027344 -12.290938377380371 17.777551651000977 -39.967960357666016 -13.821547508239746 -0.4295845031738281 0.5953280329704285 -0.4924972951412201 0.32032740116119385 0.711121678352356 -0.4692247211933136 -0.41415521502494810.4674270749092102
-0.0008328919066116214 -0.000004952723884343868 0.015001613646745682 0.9998871088027954 -19.742094039916992 -41.252437591552734 -12.495830535888672 16.781471252441406 -39.894248962402344 -13.370353698730469 -0.4166082441806793 0.5916073322296143 -0.49890151619911194 0.30877751111984253 0.6996603608131409 -0.47825324535369873 -0.431747287511825560.4770069718360901
-0.0012404047884047031 -0.0004184852004982531 0.014422893524169922 0.9998951554298401 -19.429407119750977 -38.94701385498047 -11.984837532043457 14.968717575073242 -40.234580993652344 -12.34531307220459 -0.40271076560020447 0.5907094478607178 -0.5081077814102173 0.295546293258667 0.711197018623352 -0.5064897537231445 -0.38771039247512820.4803257882595062
-0.0019474641885608435 -0.00008207392238546163 0.01549069955945015 0.9998781085014343 -19.479909896850586 -37.50960159301758 -11.475207328796387 15.130556106567383 -42.03130340576172 -12.454398155212402 -0.4014105498790741 0.5844728946685791 -0.49747753143310547 0.306633323431015 0.7035670280456543 -0.5156241059303284 -0.380921512842178340.49977707862854004
0.0017666015774011612 0.0009616506285965443 0.015766946598887444 0.999873697757721 -19.948328018188477 -37.513267517089844 -11.100809097290039 16.276411056518555 -41.40104293823242 -12.375371932983398 -0.424348384141922 0.5729833245277405 -0.48845192790031433 0.32198023796081543 0.6919973492622375 -0.5277084112167358 -0.37281659245491030.5030241012573242
0.004238163586705923 0.002553784754127264 0.01627805270254612 0.9998552799224854 -21.28424644470215 -37.182899475097656 -10.626161575317383 17.336591720581055 -41.75199508666992 -12.443355560302734 -0.4373706579208374 0.5852383971214294 -0.46960586309432983 0.31397610902786255 0.6996614933013916 -0.5295615792274475 -0.362570524215698240.4956544041633606
0.0003062653122469783 0.0021491001825779676 0.018935786560177803 0.9998183846473694 -21.35579490661621 -37.755123138427734 -10.425386428833008 17.880098342895508 -41.91040802001953 -13.016341209411621 -0.4530477225780487 0.583211362361908 -0.4633992314338684 0.3141433000564575 0.7154741883277893 -0.5092902183532715 -0.36060249805450440.48976871371269226
-0.0018306623678654432 0.002344798529520631 0.020771507173776627 0.9997798204421997 -21.431737899780273 -39.565826416015625 -10.978997230529785 18.031593322753906 -41.08010482788086 -13.185831069946289 -0.4515637755393982 0.5875558257102966 -0.4685274362564087 0.3248378038406372 0.7073032259941101 -0.48101988434791565 -0.403512537479400630.4809889495372772
0.002277103252708912 0.0022714941296726465 0.02027914673089981 0.9997891783714294 -20.629070281982422 -40.340675354003906 -11.239508628845215 17.447216033935547 -40.178497314453125 -12.804044723510742 -0.4166944622993469 0.5968906283378601 -0.5031490921974182 0.301361620426178 0.7195793986320496 -0.47218769788742065 -0.410396665334701540.4657555818557739
0.001954074017703533 0.0024556489661335945 0.019207874312996864 0.9998105764389038 -19.026081085205078 -36.566505432128906 -10.00627613067627 16.131977081298828 -39.10521697998047 -12.011712074279785 -0.3154790997505188 0.6670390963554382 -0.5241514444351196 0.17882269620895386 0.7746803760528564 -0.5369638204574585 -0.28206846117973330.4252023994922638
-0.0016164279077202082 0.001361244823783636 0.015578681603074074 0.9998763799667358 -18.52985191345215 -36.7767333984375 -10.254528999328613 16.26497459411621 -41.74634552001953 -12.819273948669434 -0.1349044293165207 0.7395601272583008 -0.6035618185997009 0.10289806872606277 0.795534610748291 -0.5478335022926331 -0.237518697977066040.2656404376029968
-0.0027174344286322594 0.00041443834197707474 0.015728119760751724 0.9998725652694702 -18.414634704589844 -37.61058807373047 -10.705513954162598 15.909708976745605 -41.90938186645508 -12.400238037109375 -0.13248193264007568 0.7400909662246704 -0.6103178262710571 0.0890280231833458 0.8020084500312805 -0.5517434477806091 -0.210797652602195740.24945145845413208
-0.0025145800318568945 -0.00023538159439340234 0.017075110226869583 0.9998510479927063 -18.571786880493164 -39.04720687866211 -10.97619915008545 15.940984725952148 -42.22483825683594 -12.463932991027832 -0.13266779482364655 0.7392389178276062 -0.6174277663230896 0.09518640488386154 0.7800680994987488 -0.5875131487846375 -0.193032816052436830.2338975965976715
0.0024199550971388817 -0.0028170107398182154 0.019022256135940552 0.9998121857643127 -18.800825119018555 -39.79255676269531 -10.577945709228516 15.476582527160645 -40.579742431640625 -11.127634048461914 -0.14769978821277618 0.7211206555366516 -0.6387442350387573 0.09668023139238358 0.7824723124504089 -0.575737714767456 -0.216601341962814330.2239990532398224
0.006248594727367163 -0.02659238874912262 0.013477838598191738 0.9995359778404236 -19.3671932220459 -40.67520523071289 -9.903548240661621 15.117584228515625 -41.03044128417969 -12.098615646362305 -0.16674207150936127 0.7349435091018677 -0.622036337852478 0.08104605227708817 0.7815569639205933 -0.5705934762954712 -0.238795652985572810.21242858469486237
0.019791170954704285 -0.08131290972232819 -0.012831549160182476 0.99640953540802 -20.77956771850586 -42.50284194946289 -7.28412389755249 15.274590492248535 -44.6732292175293 -15.073162078857422 -0.1634414941072464 0.7098054885864258 -0.6605652570724487 0.02958344854414463 0.7741124629974365 -0.5760607123374939 -0.260823249816894530.18197956681251526
0.01897566206753254 -0.06928177922964096 -0.004992739297449589 0.997404158115387 -21.20899200439453 -43.41681671142578 -8.50703239440918 15.0154390335083 -43.95677947998047 -14.3494873046875 -0.17892993986606598 0.69778972864151 -0.667021632194519 0.06073908135294914 0.7952809929847717 -0.5451253652572632 -0.2582194507122040.19014666974544525
0.027621421962976456 0.010383032262325287 0.006116808857768774 0.9995458126068115 -18.645824432373047 -41.88075256347656 -10.381452560424805 16.580137252807617 -40.092559814453125 -9.432584762573242 -0.18794655799865723 0.6701652407646179 -0.6517971754074097 0.12058062106370926 0.7942697405815125 -0.5482034683227539 -0.232527166604995730.3011895716190338
0.0246652290225029 0.09044286608695984 0.004811875056475401 0.9955844879150391 -14.451637268066406 -38.49836730957031 -11.076297760009766 20.203659057617188 -41.124996185302734 -7.325211524963379 -0.19411171972751617 0.6737287640571594 -0.6129454970359802 0.12499510496854782 0.7742667198181152 -0.5915171504020691 -0.18706865608692170.3642911911010742
0.03240564838051796 0.14515937864780426 0.00706962775439024 0.9888521432876587 -12.340686798095703 -37.57892608642578 -11.672955513000488 22.458545684814453 -43.4455680847168 -5.644493103027344 -0.18866898119449615 0.664551317691803 -0.6044285297393799 0.11976072192192078 0.794342041015625 -0.5830861926078796 -0.12119667977094650.3967893123626709
-0.029002005234360695 0.07206234335899353 0.002499028341844678 0.9969752430915833 -15.474837303161621 -39.16946029663086 -16.358095169067383 20.029159545898438 -38.27036666870117 -11.579482078552246 -0.19447609782218933 0.7113386988639832 -0.5631242394447327 0.11004290729761124 0.817696213722229 -0.5307363271713257 -0.19386193156242370.37291738390922546
-0.0704779252409935 0.046442050486803055 -0.0012337195221334696 0.9964308738708496 -16.326723098754883 -36.083866119384766 -17.01801109313965 19.695493698120117 -37.8593635559082 -15.524763107299805 -0.2107493281364441 0.7248779535293579 -0.5349891781806946 0.08323730528354645 0.8567204475402832 -0.46767568588256836 -0.200950443744659420.37937211990356445
-0.09609490633010864 0.043780617415905 -0.0008747591054998338 0.9944084882736206 -16.283281326293945 -34.980674743652344 -18.337177276611328 19.468585968017578 -36.23453140258789 -16.942800521850586 -0.19876059889793396 0.7429882884025574 -0.5037025213241577 0.08113440126180649 0.8589485883712769 -0.46336883306503296 -0.202271759510040280.39337825775146484
-0.03981543332338333 0.0428682379424572 0.0011802575318142772 0.9982863664627075 -16.458477020263672 -37.454010009765625 -15.29872989654541 19.135515213012695 -38.83141326904297 -13.740254402160645 -0.21411751210689545 0.7102595567703247 -0.5589483976364136 0.10056372731924057 0.8253562450408936 -0.5145111680030823 -0.209647908806800840.37048855423927307
0.0008657200960442424 0.036499813199043274 0.0026132953353226185 0.9993298649787903 -17.005268096923828 -39.71415710449219 -12.57435417175293 18.222932815551758 -38.92700958251953 -10.628314018249512 -0.2055806964635849 0.7042468786239624 -0.5832928419113159 0.11316483467817307 0.8004874587059021 -0.5522130727767944 -0.20365253090858460.34862926602363586
0.0232863649725914 0.032585978507995605 0.002943510888144374 0.9991933107376099 -16.314023971557617 -37.323875427246094 -9.8467378616333 17.66250228881836 -38.05006408691406 -9.154513359069824 -0.23294506967067719 0.6847420334815979 -0.5946451425552368 0.12245412915945053 0.798461377620697 -0.5374271273612976 -0.242149576544761660.3510870635509491
0.017909562215209007 0.03337213397026062 0.006282255984842777 0.9992627501487732 -16.919029235839844 -37.321258544921875 -10.412710189819336 17.4788818359375 -38.3583869934082 -9.684720039367676 -0.21315808594226837 0.7054268717765808 -0.578245997428894 0.1077536940574646 0.8059512972831726 -0.5325495600700378 -0.234994962811470030.3500973880290985
0.0067351502366364 0.02314044162631035 0.00346076930873096 0.9997035264968872 -17.252962112426758 -35.204959869384766 -9.870073318481445 17.71524429321289 -39.07948684692383 -10.464245796203613 -0.2058112472295761 0.7091587781906128 -0.5834097266197205 0.09272546321153641 0.7901623845100403 -0.562031626701355 -0.226198628544807430.3381843566894531
0.0051901922561228275 0.020083406940102577 0.0021685082465410233 0.9997825622558594 -18.190868377685547 -35.62188720703125 -9.827268600463867 18.432830810546875 -38.12503433227539 -10.619247436523438 -0.16933146119117737 0.7085912227630615 -0.6138764023780823 0.062076590955257416 0.8150275349617004 -0.541559100151062 -0.196444198489189150.30394259095191956
0.005896520335227251 0.018708840012550354 -0.0020744740031659603 0.9998054504394531 -18.681861877441406 -35.9359130859375 -9.617015838623047 19.23070526123047 -37.73507308959961 -10.842246055603027 -0.16106443107128143 0.7044395208358765 -0.6310284733772278 0.07194001227617264 0.7951705455780029 -0.5766905546188354 -0.173079118132591250.28218135237693787
0.00463362829759717 0.02692113257944584 0.0004739151627290994 0.9996266961097717 -19.498790740966797 -35.670108795166016 -9.431113243103027 18.410037994384766 -37.276893615722656 -10.105083465576172 -0.1694333553314209 0.7195923328399658 -0.6074532866477966 0.05873154103755951 0.8113589882850647 -0.5516119003295898 -0.184313744306564330.2906540036201477
0.00464690662920475 0.0173359252512455 -0.006122157443314791 0.9998201727867126 -17.98832130432129 -36.995906829833984 -10.801270484924316 18.689611434936523 -39.49163818359375 -12.831274032592773 -0.23938272893428802 0.6979427933692932 -0.6194103360176086 0.04052324220538139 0.8450970649719238 -0.4926895201206207 -0.203533485531806950.26814669370651245
0.014371651224792004 0.021345248445868492 -0.0069398339837789536 0.9996448159217834 -16.861003875732422 -36.96658706665039 -9.863814353942871 17.03940200805664 -38.20349884033203 -10.849040031433105 -0.20861239731311798 0.7028210163116455 -0.6066042184829712 0.08013561367988586 0.8280373811721802 -0.5139713883399963 -0.209202751517295840.30749762058258057
0.01002582348883152 0.022937288507819176 -0.005434262100607157 0.9996718764305115 -16.627309799194336 -38.18687057495117 -9.773613929748535 16.627471923828125 -37.99941635131836 -9.724252700805664 -0.1691470593214035 0.733008086681366 -0.5859278440475464 0.08466916531324387 0.8128799796104431 -0.5328840613365173 -0.21929857134819030.3012922406196594
0.0006729220040142536 0.020786508917808533 -0.002080454956740141 0.9997815489768982 -16.531829833984375 -38.126708984375 -10.434743881225586 16.168174743652344 -39.00822448730469 -10.580187797546387 -0.15422499179840088 0.7317624688148499 -0.6005659103393555 0.0941028967499733 0.8015751838684082 -0.5463975071907043 -0.223766699433326720.2829468548297882
0.005467599257826805 0.013918871060013771 -0.0018068318022415042 0.9998865127563477 -16.985244750976562 -38.13583755493164 -10.140790939331055 16.226200103759766 -38.87013626098633 -10.45926570892334 -0.1607648879289627 0.7176294326782227 -0.6211135387420654 0.08675742149353027 0.8007633686065674 -0.5523287057876587 -0.214905142784118650.2708885073661804
0.005663516465574503 0.018237050622701645 0.0006654809694737196 0.999817430973053 -17.034534454345703 -39.07068634033203 -10.804731369018555 16.000015258789062 -38.83238983154297 -10.424180030822754 -0.14218035340309143 0.7554346323013306 -0.5909789204597473 0.07674026489257812 0.8052223324775696 -0.5523311495780945 -0.201638966798782350.24463681876659393
0.01037887204438448 0.03178750351071358 0.0018699986394494772 0.999439001083374 -15.252205848693848 -36.861480712890625 -10.402209281921387 14.278873443603516 -38.04408264160156 -10.236869812011719 -0.15643174946308136 0.7403246760368347 -0.5941199660301208 0.07337351143360138 0.8183628916740417 -0.508105456829071 -0.25831654667854310.2728918194770813
0.017747096717357635 -0.005536739248782396 0.0008804192184470594 0.9998268485069275 -15.631526947021484 -38.83974838256836 -9.10752010345459 11.441452026367188 -38.79237365722656 -10.815073013305664 -0.14741112291812897 0.7447249889373779 -0.589185893535614 0.07540832459926605 0.8116995692253113 -0.4903227388858795 -0.30828732252120970.27661287784576416
0.017508961260318756 -0.0060018994845449924 0.0003148377873003483 0.9998286366462708 -14.004206657409668 -37.587867736816406 -8.77768611907959 11.07988452911377 -37.72245788574219 -10.641073226928711 -0.13351090252399445 0.716798722743988 -0.5728727579116821 0.022339947521686554 0.7776750326156616 -0.5138884782791138 -0.361443072557449340.37442126870155334
0.022110186517238617 -0.010328792966902256 -0.0016672560013830662 0.9997007846832275 -18.00885009765625 -39.10100173950195 -8.830933570861816 14.876036643981934 -38.29637908935547 -10.052638053894043 -0.1311633288860321 0.7424936294555664 -0.6062548756599426 0.10103777050971985 0.7943709492683411 -0.562829852104187 -0.20491151511669160.25289207696914673
0.02166290581226349 -0.02891133353114128 -0.004250394180417061 0.9993381500244141 -18.738449096679688 -40.091339111328125 -8.471471786499023 12.986480712890625 -37.900394439697266 -11.009042739868164 -0.16730941832065582 0.7808648347854614 -0.5475306510925293 0.06404437124729156 0.8059890866279602 -0.5438901782035828 -0.22464036941528320.24993571639060974
0.019396448507905006 -0.052164558321237564 -0.0026365015655755997 0.9984467029571533 -18.544902801513672 -41.159324645996094 -8.204076766967773 10.48401165008545 -37.6695442199707 -10.690670013427734 -0.15444910526275635 0.6904639005661011 -0.645463764667511 0.020539702847599983 0.7589835524559021 -0.532890260219574 -0.37356403470039370.2877180278301239
0.01374816708266735 0.015265991911292076 0.0042259166948497295 0.999779999256134 -14.45451831817627 -37.628570556640625 -9.24588680267334 13.344661712646484 -37.14554214477539 -9.14903450012207 -0.13778404891490936 0.7256528735160828 -0.5791603326797485 0.04860798269510269 0.7838312387466431 -0.5448183417320251 -0.293970823287963870.34498804807662964
0.015786580741405487 0.04829224571585655 0.00793456006795168 0.9986769556999207 -14.48897647857666 -37.53330612182617 -9.995199203491211 17.322664260864258 -40.30698776245117 -9.440875053405762 -0.14476831257343292 0.7656020522117615 -0.554686963558197 0.08201131224632263 0.8071087002754211 -0.5459693074226379 -0.209206044673919680.2919214069843292
0.0346238799393177 0.02066497504711151 0.005466511473059654 0.999171793460846 -15.832537651062012 -38.2342414855957 -8.896003723144531 16.167192459106445 -39.573753356933594 -9.172476768493652 -0.14159364998340607 0.7269575595855713 -0.6052093505859375 0.07990828156471252 0.7996532917022705 -0.5447988510131836 -0.239506661891937260.291900098323822
0.024463217705488205 0.024088311940431595 0.005621679592877626 0.9993946552276611 -15.878504753112793 -37.587562561035156 -9.138821601867676 15.364751815795898 -38.4079475402832 -8.956265449523926 -0.12367063760757446 0.7148265838623047 -0.6213913559913635 0.0810387060046196 0.7822580337524414 -0.5599486231803894 -0.26069658994674680.2959752678871155
0.019339080899953842 0.04603036120533943 0.013561815023422241 0.9986607432365417 -12.850400924682617 -37.17887878417969 -9.603271484375 11.45850658416748 -38.825775146484375 -8.249855995178223 -0.11046919226646423 0.7095319032669067 -0.5842207670211792 0.060603320598602295 0.7731364965438843 -0.5420433878898621 -0.323691576719284060.3782156705856323
0.02055947296321392 0.02637767791748047 0.008610647171735764 0.9994035363197327 -13.847500801086426 -38.32219314575195 -8.934494972229004 13.905965805053711 -39.56874465942383 -9.380692481994629 -0.11249948292970657 0.7334115505218506 -0.5471112132072449 0.036949288100004196 0.7666718363761902 -0.5687392950057983 -0.29560905694961550.3874541223049164
0.02132471278309822 0.014078067615628242 0.0064473627135157585 0.9996526837348938 -16.95083999633789 -37.753868103027344 -8.757744789123535 15.976609230041504 -38.94498062133789 -9.725255966186523 -0.15027697384357452 0.7351685166358948 -0.6080488562583923 0.10405368357896805 0.8387529253959656 -0.49277374148368835 -0.20697939395904540.25926950573921204
0.028843792155385017 -0.005711534060537815 0.0048871152102947235 0.9995556473731995 -17.699220657348633 -39.34728240966797 -8.657722473144531 13.574991226196289 -38.440067291259766 -9.872314453125 -0.14344769716262817 0.7248102426528931 -0.6205271482467651 0.07393377274274826 0.8094557523727417 -0.5112828612327576 -0.27911475300788880.26271456480026245
0.030073856934905052 -0.01317851897329092 0.006963083054870367 0.9994365572929382 -15.25452995300293 -39.93555450439453 -8.556992530822754 11.273855209350586 -38.57134246826172 -9.355589866638184 -0.1611989438533783 0.7046411633491516 -0.5968682765960693 0.04184383526444435 0.7738034129142761 -0.5300514101982117 -0.344271570444107060.348201185464859
0.031996674835681915 -0.007790313567966223 0.007769025396555662 0.9994274377822876 -14.913679122924805 -41.17202377319336 -9.334555625915527 11.145261764526367 -38.83580780029297 -9.273592948913574 -0.12478389590978622 0.7136160731315613 -0.5800833702087402 0.04440860077738762 0.7807679176330566 -0.5294041037559509 -0.32887774705886840.3724035918712616
0.03601137548685074 -0.00034313666401430964 0.0012376144295558333 0.9993505477905273 -15.173890113830566 -40.37120819091797 -8.373434066772461 14.386791229248047 -39.35759735107422 -9.159432411193848 -0.150963693857193 0.7296475172042847 -0.5777463316917419 0.03846682235598564 0.7862672805786133 -0.5514296293258667 -0.27609661221504210.33321720361709595
0.03790966421365738 0.04880400747060776 -0.0009429556666873395 0.9980882406234741 -14.397905349731445 -39.13880157470703 -9.24970817565918 17.626375198364258 -39.10997009277344 -7.642780303955078 -0.13400287926197052 0.7137628793716431 -0.6065512299537659 0.08181800693273544 0.7983297109603882 -0.5587719678878784 -0.20916357636451720.3235451281070709
0.03677033632993698 0.07039226591587067 0.002344222506508231 0.9968387484550476 -13.836286544799805 -37.57769012451172 -9.21552562713623 18.367679595947266 -40.222660064697266 -7.469265937805176 -0.14215399324893951 0.7112815976142883 -0.6034184098243713 0.08361385017633438 0.791267991065979 -0.5759185552597046 -0.187674000859260560.33129581809043884
0.08227704465389252 -0.0037615185137838125 -0.008200841955840588 0.9965686798095703 -16.405607223510742 -39.97383499145508 -4.347262382507324 16.6242733001709 -43.39884567260742 -8.173737525939941 -0.12249984592199326 0.7277480959892273 -0.6282790303230286 0.03803015500307083 0.7733997106552124 -0.5789791941642761 -0.255322784185409550.24625591933727264
0.10863950848579407 0.006536954082548618 0.0042891595512628555 0.9940504431724548 -18.517532348632812 -43.145816802978516 -6.1328911781311035 16.60390281677246 -45.0034065246582 -6.606280326843262 0.2348448485136032 -0.6187906861305237 0.695466935634613 -0.028106583282351494 0.8317649364471436 -0.5103687644004822 -0.21656601130962372-0.27977076172828674
0.09747482091188431 0.014053643681108952 0.014387000352144241 0.9950347542762756 -18.517532348632812 -43.145816802978516 -6.1328911781311035 14.659021377563477 -41.80971145629883 -4.941697597503662 0.2348448485136032 -0.6187906861305237 0.695466935634613 -0.02981117181479931 0.7935929894447327 -0.5605381727218628 -0.23477309942245483-0.27977076172828674
0.11838672310113907 -0.009364216588437557 0.01091180369257927 0.9928634762763977 -18.517532348632812 -43.145816802978516 -6.1328911781311035 14.659021377563477 -41.80971145629883 -4.941697597503662 0.2348448485136032 -0.6187906861305237 0.695466935634613 -0.02981117181479931 0.7935929894447327 -0.5605381727218628 -0.23477309942245483-0.27977076172828674
0.15873442590236664 -0.003287483239546418 0.016524383798241615 0.9871775507926941 -18.517532348632812 -43.145816802978516 -6.1328911781311035 14.659021377563477 -41.80971145629883 -4.941697597503662 0.2348448485136032 -0.6187906861305237 0.695466935634613 -0.02981117181479931 0.7935929894447327 -0.5605381727218628 -0.23477309942245483-0.27977076172828674
0.13644252717494965 -0.004117151256650686 0.011098264716565609 0.9905772805213928 -18.517532348632812 -43.145816802978516 -6.1328911781311035 14.659021377563477 -41.80971145629883 -4.941697597503662 0.2348448485136032 -0.6187906861305237 0.695466935634613 -0.02981117181479931 0.7935929894447327 -0.5605381727218628 -0.23477309942245483-0.27977076172828674
0.11779304593801498 0.0012904710602015257 0.015311152674257755 0.9929192662239075 -18.517532348632812 -43.145816802978516 -6.1328911781311035 14.659021377563477 -41.80971145629883 -4.941697597503662 0.2348448485136032 -0.6187906861305237 0.695466935634613 -0.02981117181479931 0.7935929894447327 -0.5605381727218628 -0.23477309942245483-0.27977076172828674
0.06381363421678543 0.011637917719781399 0.015256104059517384 0.9977773427963257 -18.517532348632812 -43.145816802978516 -6.1328911781311035 14.659021377563477 -41.80971145629883 -4.941697597503662 0.2348448485136032 -0.6187906861305237 0.695466935634613 -0.02981117181479931 0.7935929894447327 -0.5605381727218628 -0.23477309942245483-0.27977076172828674
0.0641808733344078 0.01019519753754139 0.015111908316612244 0.9977717995643616 -18.517532348632812 -43.145816802978516 -6.1328911781311035 14.659021377563477 -41.80971145629883 -4.941697597503662 0.2348448485136032 -0.6187906861305237 0.695466935634613 -0.02981117181479931 0.7935929894447327 -0.5605381727218628 -0.23477309942245483-0.27977076172828674
0.06068212538957596 0.008551126345992088 0.01204119436442852 0.9980478882789612 -18.517532348632812 -43.145816802978516 -6.1328911781311035 14.659021377563477 -41.80971145629883 -4.941697597503662 0.2348448485136032 -0.6187906861305237 0.695466935634613 -0.02981117181479931 0.7935929894447327 -0.5605381727218628 -0.23477309942245483-0.27977076172828674
0.03747069835662842 0.010856440290808678 0.014191319234669209 0.9991379976272583 -18.517532348632812 -43.145816802978516 -6.1328911781311035 14.659021377563477 -41.80971145629883 -4.941697597503662 0.2348448485136032 -0.6187906861305237 0.695466935634613 -0.02981117181479931 0.7935929894447327 -0.5605381727218628 -0.23477309942245483-0.27977076172828674
0.01630731113255024 0.011770136654376984 0.01504036970436573 0.9996846318244934 -18.517532348632812 -43.145816802978516 -6.1328911781311035 14.659021377563477 -41.80971145629883 -4.941697597503662 0.2348448485136032 -0.6187906861305237 0.695466935634613 -0.02981117181479931 0.7935929894447327 -0.5605381727218628 -0.23477309942245483-0.27977076172828674
0.008721346035599709 0.009615827351808548 0.012637953273952007 0.9998358488082886 -18.517532348632812 -43.145816802978516 -6.1328911781311035 14.659021377563477 -41.80971145629883 -4.941697597503662 0.2348448485136032 -0.6187906861305237 0.695466935634613 -0.02981117181479931 0.7935929894447327 -0.5605381727218628 -0.23477309942245483-0.27977076172828674
0.0009843845618888736 0.009265650995075703 0.012386566027998924 0.9998798370361328 -18.517532348632812 -43.145816802978516 -6.1328911781311035 14.659021377563477 -41.80971145629883 -4.941697597503662 0.2348448485136032 -0.6187906861305237 0.695466935634613 -0.02981117181479931 0.7935929894447327 -0.5605381727218628 -0.23477309942245483-0.27977076172828674
-0.021175893023610115 0.009277687408030033 0.009297775104641914 0.9996894598007202 -18.517532348632812 -43.145816802978516 -6.1328911781311035 14.76476764678955 -39.502376556396484 -15.428383827209473 0.2348448485136032 -0.6187906861305237 0.695466935634613 0.0981697291135788 0.8474072813987732 -0.4541116952896118 -0.2569945454597473-0.27977076172828674
-0.030365869402885437 0.005811475683003664 0.009227504022419453 0.999479353427887 -15.902741432189941 -39.852134704589844 -16.4898624420166 14.527505874633789 -38.86420822143555 -16.245664596557617 -0.1693970113992691 0.8249117732048035 -0.42677003145217896 0.08229393512010574 0.8554027080535889 -0.44739192724227905 -0.24769808351993560.32968562841415405
-0.02105315402150154 0.00800015777349472 0.00718837883323431 0.9997205138206482 -15.945243835449219 -41.06779479980469 -15.859770774841309 14.642250061035156 -39.54370880126953 -15.307193756103516 -0.15761175751686096 0.8291155695915222 -0.422711044549942 0.09045859426259995 0.838034451007843 -0.46974003314971924 -0.26241168379783630.3302140235900879
0.002346644876524806 0.010918283835053444 0.007305570878088474 0.9999109506607056 -16.178800582885742 -42.22220230102539 -14.46027946472168 14.712440490722656 -41.25270462036133 -13.824023246765137 -0.13718527555465698 0.8330492377281189 -0.4374346137046814 0.09043340384960175 0.8395131826400757 -0.4715341031551361 -0.254352062940597530.3096129596233368
0.0016456960001960397 0.008887331001460552 0.007646862883120775 0.9999299049377441 -16.109317779541016 -41.98924255371094 -14.117000579833984 14.870451927185059 -40.552513122558594 -13.577733993530273 -0.15569643676280975 0.8153175115585327 -0.4757663309574127 0.088459312915802 0.8175410628318787 -0.5163477659225464 -0.239137127995491030.2909679710865021
0.003701023291796446 -0.003978074993938208 0.00840847473591566 0.9999498724937439 -16.56438446044922 -41.7054557800293 -13.206013679504395 14.212148666381836 -40.340206146240234 -13.085734367370605 -0.16106601059436798 0.8169884085655212 -0.4687965512275696 0.09566529095172882 0.8178764581680298 -0.5135881900787354 -0.241150289773941040.29464811086654663
-0.0010771547676995397 -0.01716477796435356 0.008051914162933826 0.9998196959495544 -16.734041213989258 -40.950748443603516 -12.45083999633789 14.282837867736816 -40.994014739990234 -14.342361450195312 -0.18306110799312592 0.8039402365684509 -0.49595317244529724 0.06559103727340698 0.8285098671913147 -0.4958137273788452 -0.25186884403228760.2723953425884247
0.003655696054920554 -0.01895388588309288 0.009817789308726788 0.9997655153274536 -16.483421325683594 -40.78445053100586 -11.779892921447754 14.317323684692383 -41.22708511352539 -13.800029754638672 -0.18187116086483002 0.8091690540313721 -0.4968453645706177 0.07038556039333344 0.8201341032981873 -0.49807947874069214 -0.272658705711364750.25556421279907227
0.01325265597552061 -0.013856813311576843 0.0067911590449512005 0.9997931122779846 -16.16900062561035 -39.070220947265625 -10.72979736328125 13.908246994018555 -39.44748306274414 -12.15188217163086 -0.17803555727005005 0.8027945160865784 -0.48745742440223694 0.09928770363330841 0.8134207725524902 -0.5191138982772827 -0.242918565869331360.29361477494239807
0.016606245189905167 -0.025098266080021858 0.007987456396222115 0.9995151162147522 -16.646690368652344 -39.61067199707031 -10.658978462219238 13.068453788757324 -37.84873962402344 -11.37707233428955 -0.1689029186964035 0.8011538982391357 -0.5255752205848694 0.09420164674520493 0.8353050947189331 -0.47661304473876953 -0.2573547363281250.23107337951660156
0.02005452662706375 -0.014076474122703075 0.006017923355102539 0.9996816515922546 -17.293781280517578 -39.44075012207031 -10.595576286315918 13.802452087402344 -37.64589309692383 -10.86636734008789 -0.1680004596710205 0.7986508011817932 -0.5135277509689331 0.10614359378814697 0.836651086807251 -0.4774974286556244 -0.246464431285858150.264994353055954
0.019070284441113472 -0.030966948717832565 0.0006708435830660164 0.9993382096290588 -17.104766845703125 -40.35623550415039 -9.822818756103516 13.550864219665527 -38.32978439331055 -11.20602035522461 -0.18678998947143555 0.8092113733291626 -0.5025718808174133 0.10926620662212372 0.8150858283042908 -0.48929259181022644 -0.29032528400421140.24022483825683594
0.01857445389032364 -0.035904694348573685 0.002300698310136795 0.9991799592971802 -17.750734329223633 -41.1053466796875 -10.228301048278809 13.056224822998047 -37.660728454589844 -11.223610877990723 -0.18254627287387848 0.8064983487129211 -0.49800094962120056 0.08868665993213654 0.820076584815979 -0.4952448606491089 -0.272656500339508060.26121312379837036
0.017964066937565804 -0.01273147389292717 0.0022195682395249605 0.9997550845146179 -16.889400482177734 -40.52456283569336 -10.733406066894531 13.990509986877441 -37.36064910888672 -10.520495414733887 -0.16598352789878845 0.8086503148078918 -0.4902377128601074 0.11647999286651611 0.8104974627494812 -0.5022200345993042 -0.27803114056587220.27964451909065247
0.019470393657684326 0.037265270948410034 -0.0008680698228999972 0.9991152882575989 -14.000642776489258 -39.58098602294922 -11.323694229125977 15.953774452209473 -38.8867301940918 -9.359755516052246 -0.18278338015079498 0.7807409763336182 -0.49668899178504944 0.12116866558790207 0.8281931281089783 -0.4925875663757324 -0.23826842010021210.3321654200553894
0.018436292186379433 0.09026234596967697 0.001402497524395585 0.995746374130249 -11.717247009277344 -39.59878158569336 -12.671337127685547 17.758394241333008 -40.433048248291016 -8.641972541809082 -0.16065877676010132 0.7824029922485352 -0.46852561831474304 0.11651111394166946 0.8386105298995972 -0.48806774616241455 -0.212008178234100340.37751567363739014
0.012956682592630386 0.12027325481176376 -0.0023752490524202585 0.9926534295082092 -10.384026527404785 -42.7730712890625 -15.179580688476562 20.597549438476562 -42.79824447631836 -8.40924072265625 -0.13225752115249634 0.7636681795120239 -0.5069481134414673 0.10605567693710327 0.7819591164588928 -0.5695887207984924 -0.229914724826812740.3772563636302948
0.00674442108720541 0.0044487882405519485 -0.005364508368074894 0.9999529719352722 -14.47415828704834 -39.126197814941406 -10.879383087158203 14.926782608032227 -38.401554107666016 -10.757068634033203 -0.20007812976837158 0.7895582914352417 -0.4833996593952179 0.08954976499080658 0.8081058263778687 -0.49888795614242554 -0.30009436607360840.3207666277885437
0.010444908402860165 -0.017860818654298782 -0.0008137482800520957 0.9997856020927429 -15.742443084716797 -39.41396713256836 -10.492762565612793 13.853385925292969 -38.07297134399414 -11.093940734863281 -0.20171962678432465 0.7746985554695129 -0.5272103548049927 0.0900803729891777 0.8161709904670715 -0.4843069314956665 -0.30198884010314940.28495723009109497
0.009192210622131824 -0.015185740776360035 0.000937432749196887 0.9998419284820557 -16.008214950561523 -40.68220520019531 -11.119006156921387 13.718589782714844 -37.83486557006836 -10.818316459655762 -0.18409506976604462 0.8022457361221313 -0.48096081614494324 0.08775842934846878 0.8194447755813599 -0.4889261722564697 -0.28593689203262330.3019726872444153
0.006550602149218321 -0.01529301144182682 -0.0005638247239403427 0.9998614192008972 -15.55932331085205 -39.155609130859375 -10.513477325439453 14.01326847076416 -37.25880432128906 -10.949158668518066 -0.20948947966098785 0.7798075675964355 -0.5142046213150024 0.10119481384754181 0.7996297478675842 -0.5162134170532227 -0.289612710475921630.28915032744407654
0.005210203118622303 -0.012493031099438667 -0.0016101333312690258 0.9999071359634399 -15.755541801452637 -38.724308013916016 -10.683828353881836 13.870525360107422 -37.257179260253906 -11.03193473815918 -0.20444846153259277 0.7735034823417664 -0.5198516249656677 0.10759258270263672 0.8075531721115112 -0.5031641125679016 -0.28828382492065430.29941192269325256
0.007724841125309467 -0.018116198480129242 -0.0010240309638902545 0.9998055100440979 -16.039459228515625 -39.60783767700195 -10.772919654846191 13.55225658416748 -37.42379379272461 -11.14743709564209 -0.19551150500774384 0.788444995880127 -0.5030192136764526 0.09525221586227417 0.8094171285629272 -0.4946150779724121 -0.30187216401100160.2951294481754303
0.009965488687157631 -0.02746974118053913 0.0032992681954056025 0.9995675086975098 -16.437395095825195 -39.808773040771484 -10.282608032226562 13.107590675354004 -37.06236267089844 -10.842903137207031 -0.20990562438964844 0.7884131073951721 -0.5075286626815796 0.10388912260532379 0.8077107071876526 -0.49019619822502136 -0.31067374348640440.2770542502403259
0.011709763668477535 -0.020903050899505615 0.004408408422023058 0.9997032284736633 -16.45280647277832 -40.60444259643555 -10.69068431854248 13.363399505615234 -38.315433502197266 -10.864834785461426 -0.1761859953403473 0.7977356314659119 -0.5080140829086304 0.11158869415521622 0.8158882260322571 -0.4794807732105255 -0.303269714117050170.27294331789016724
0.013731797225773335 -0.018532661721110344 0.004629999399185181 0.9997231960296631 -16.285688400268555 -40.22211837768555 -10.438528060913086 13.279577255249023 -37.770389556884766 -10.714069366455078 -0.18329612910747528 0.7986682653427124 -0.49635621905326843 0.10520851612091064 0.8116124272346497 -0.49394798278808594 -0.293652594089508060.28663915395736694
0.008552745915949345 -0.01526965107768774 0.007096953224390745 0.999821662902832 -16.24566078186035 -39.5701904296875 -10.636783599853516 13.136480331420898 -37.678157806396484 -10.774362564086914 -0.1914994716644287 0.7902680039405823 -0.4879496395587921 0.0997064858675003 0.8129762411117554 -0.4856729209423065 -0.30536878108978270.3173476457595825
0.009403128176927567 -0.018368355929851532 0.007280746474862099 0.999760627746582 -16.272014617919922 -40.11807632446289 -10.542486190795898 13.177229881286621 -37.787540435791016 -10.945707321166992 -0.19146113097667694 0.790564239025116 -0.48974308371543884 0.09881006181240082 0.8155539035797119 -0.4791988730430603 -0.308993250131607060.3138512372970581
0.005378524772822857 -0.013136140070855618 0.0043351720087230206 0.9998898506164551 -15.92318344116211 -39.3463134765625 -10.783647537231445 13.664056777954102 -37.61569595336914 -11.213452339172363 -0.18841037154197693 0.7773638963699341 -0.5070227980613708 0.09667770564556122 0.826630175113678 -0.46225789189338684 -0.306028902530670170.32114604115486145
0.00631563737988472 -0.007197236176580191 -0.008508056402206421 0.9999179244041443 -14.624101638793945 -39.19241714477539 -10.386869430541992 15.479629516601562 -39.23857879638672 -12.050251960754395 -0.19837668538093567 0.7834253311157227 -0.490962952375412 0.08735565841197968 0.8119332194328308 -0.518353283405304 -0.253856927156448360.32534122467041016
0.0009363995050080121 -0.005572056397795677 -0.03566344827413559 0.9993478655815125 -12.178236961364746 -39.725807189941406 -10.800969123840332 17.939414978027344 -39.20176315307617 -13.18198013305664 -0.22353719174861908 0.7811031341552734 -0.47014713287353516 0.026673465967178345 0.8317760825157166 -0.4903908967971802 -0.25875443220138550.3447761833667755
-0.011945346370339394 -0.01271008886396885 -0.02909938618540764 0.9994243383407593 -13.267568588256836 -39.056480407714844 -10.996443748474121 17.465307235717773 -39.550086975097656 -14.025065422058105 -0.19169539213180542 0.7876555323600769 -0.4765804409980774 0.024475490674376488 0.8445034623146057 -0.46697694063186646 -0.261050581932067870.3401804268360138
0.00412280298769474 -0.0068448977544903755 0.00718633783981204 0.9999422430992126 -16.05465316772461 -39.66173553466797 -9.391683578491211 14.18299388885498 -38.429168701171875 -10.43957233428955 -0.15866197645664215 0.7867792248725891 -0.4945262372493744 0.10346335172653198 0.824944794178009 -0.4825550317764282 -0.27550324797630310.33353957533836365
0.00007680773705942556 -0.011813604272902012 -0.002856258302927017 0.9999261498451233 -15.812716484069824 -40.47553253173828 -10.19166374206543 14.15339469909668 -36.8145866394043 -10.648530960083008 -0.15573066473007202 0.7926901578903198 -0.5069220066070557 0.09123504161834717 0.8216633200645447 -0.4783731698989868 -0.29614979028701780.30069974064826965
-0.0013047376414760947 -0.007469110656529665 0.0035054488107562065 0.9999651312828064 -15.971941947937012 -39.94158935546875 -10.177112579345703 14.251386642456055 -36.9232292175293 -10.58417797088623 -0.17740225791931152 0.7758623957633972 -0.5168355107307434 0.09215635806322098 0.8332486152648926 -0.46075010299682617 -0.291398912668228150.31535229086875916
-0.006496193818747997 -0.008609880693256855 0.004404506180435419 0.9999321103096008 -15.99824333190918 -40.71773147583008 -10.604743957519531 14.055859565734863 -36.49144744873047 -10.722258567810059 -0.17126458883285522 0.802492082118988 -0.4731566607952118 0.08925458043813705 0.825661301612854 -0.476286917924881 -0.28890803456306460.3206207752227783
-0.01115570031106472 -0.005032700952142477 0.008456862531602383 0.9998893141746521 -15.991365432739258 -39.38503646850586 -10.68610668182373 14.10219669342041 -36.9279899597168 -11.190763473510742 -0.17828333377838135 0.7786763310432434 -0.5099448561668396 0.0944419875741005 0.8333052396774292 -0.45758289098739624 -0.29546737670898440.31911513209342957
-0.007671124301850796 -0.0013320962898433208 0.00975022278726101 0.9999221563339233 -15.845952033996582 -39.05121994018555 -10.217564582824707 13.764851570129395 -36.81216049194336 -10.896700859069824 -0.1887606978416443 0.7788985371589661 -0.5128166675567627 0.1026841476559639 0.8312106132507324 -0.467187762260437 -0.28333824872970580.307742714881897
-0.0054127671755850315 -0.0031602082308381796 0.009414649568498135 0.999936044216156 -16.20665740966797 -39.31019973754883 -10.332213401794434 13.934582710266113 -36.92814636230469 -11.084609985351562 -0.1666969358921051 0.7802774310112 -0.5157411694526672 0.08431315422058105 0.8379020690917969 -0.45623305439949036 -0.28751146793365480.31207436323165894
0.0015350609319284558 -0.004044895526021719 0.007044832222163677 0.9999658465385437 -16.12213706970215 -40.25786209106445 -10.403576850891113 14.01889419555664 -36.56418228149414 -10.70245361328125 -0.17436079680919647 0.7869051694869995 -0.5085137486457825 0.08836901187896729 0.8304417133331299 -0.4778570234775543 -0.27241536974906920.3029725253582001
0.001607671962119639 -0.004381739534437656 0.009341134689748287 0.9999454617500305 -16.19026756286621 -39.83877182006836 -10.36725902557373 14.068538665771484 -36.6279411315918 -10.490106582641602 -0.18072471022605896 0.784138023853302 -0.512776792049408 0.10854592174291611 0.8091712594032288 -0.49907949566841125 -0.290481239557266240.2992092967033386
0.0007464343216270208 -0.0045491773635149 0.010871140286326408 0.9999302625656128 -16.1793270111084 -38.74666213989258 -10.16553783416748 13.94761848449707 -36.88225555419922 -10.892242431640625 -0.17580236494541168 0.7789023518562317 -0.5237661600112915 0.08943213522434235 0.8376089930534363 -0.4632667899131775 -0.27531239390373230.2967720627784729
-0.002717401133850217 -0.004686225671321154 0.008798579685389996 0.9999465942382812 -16.210641860961914 -38.981529235839844 -10.180962562561035 13.864079475402832 -36.33802032470703 -10.56539249420166 -0.1751357614994049 0.7763926982879639 -0.5237666368484497 0.08863524347543716 0.8285663723945618 -0.4709487855434418 -0.28953209519386290.30366164445877075
-0.00033070743666030467 -0.005769222509115934 0.0056439535692334175 0.9999673962593079 -15.945067405700684 -39.98079299926758 -10.312699317932129 14.240036010742188 -37.46385192871094 -10.79443359375 -0.1958109438419342 0.7932568788528442 -0.4747201204299927 0.10102476924657822 0.8216203451156616 -0.4748717248439789 -0.298715353012084960.3271733820438385
-0.000029878190616727807 -0.005465662106871605 0.0058003682643175125 0.9999682307243347 -15.937968254089355 -39.22294616699219 -9.818363189697266 14.114456176757812 -37.099998474121094 -10.592989921569824 -0.2016085684299469 0.7773609161376953 -0.5280062556266785 0.10881084948778152 0.8274867534637451 -0.4748638868331909 -0.279159903526306150.27617642283439636
-0.0007034374866634607 -0.005375908222049475 0.006835846230387688 0.9999619722366333 -16.062171936035156 -39.73543930053711 -10.47411823272705 14.15164566040039 -37.2420539855957 -11.057234764099121 -0.18944145739078522 0.7869604229927063 -0.5007777214050293 0.08742918074131012 0.8256828784942627 -0.4821619689464569 -0.279506206512451170.30663803219795227
-0.00041710634832270443 -0.004729737993329763 0.006986810360103846 0.9999642968177795 -15.967103958129883 -38.93478775024414 -10.088325500488281 13.834895133972168 -36.48086929321289 -10.448080062866211 -0.21254663169384003 0.7716290354728699 -0.5178921818733215 0.11485590785741806 0.8204303979873657 -0.47998228669166565 -0.28865048289299010.3019936978816986
0.004577758256345987 -0.0032122107222676277 0.00661543058231473 0.9999625086784363 -16.502981185913086 -39.81162643432617 -10.593338966369629 14.20772647857666 -37.14521408081055 -11.052481651306152 -0.18118895590305328 0.7885669469833374 -0.496997207403183 0.09699676930904388 0.8246195316314697 -0.4758348762989044 -0.290129959583282470.3135705292224884
0.0038324540946632624 -0.0014378990745171905 0.008716564625501633 0.9999536275863647 -16.149858474731445 -40.15744400024414 -10.563971519470215 14.106943130493164 -37.32568359375 -10.356474876403809 -0.2122468799352646 0.7725744843482971 -0.5057135820388794 0.10189861059188843 0.8320833444595337 -0.47095540165901184 -0.27469083666801450.3198964297771454
-0.0018883385928347707 -0.0030669148545712233 0.008279075846076012 0.9999592304229736 -16.06589698791504 -39.074867248535156 -10.249493598937988 14.02706241607666 -36.72280502319336 -10.492234230041504 -0.2188299298286438 0.7635394930839539 -0.5184274911880493 0.10305477678775787 0.8220869302749634 -0.47613686323165894 -0.29469716548919680.3167867958545685
0.0001594162458786741 -0.0028280997648835182 0.00963384099304676 0.99994957447052 -16.095212936401367 -39.1782341003418 -10.292462348937988 13.977008819580078 -37.21826171875 -10.83242416381836 -0.17206956446170807 0.8027032017707825 -0.5033318400382996 0.09937890619039536 0.8340508341789246 -0.4508296251296997 -0.302052497863769530.2696602940559387
0.0013703749282285571 -0.0018050348153337836 0.009658661670982838 0.9999507665634155 -16.26513671875 -40.29851150512695 -10.701135635375977 13.993412017822266 -37.251502990722656 -10.588886260986328 -0.18791811168193817 0.7890514135360718 -0.49739471077919006 0.10089439898729324 0.8209555149078369 -0.4859509766101837 -0.282319009304046630.307706356048584
0.007077264599502087 -0.002326540881767869 0.009863040409982204 0.999923586845398 -15.265923500061035 -36.382713317871094 -9.098420143127441 13.945123672485352 -37.05768585205078 -10.458476066589355 -0.2119062840938568 0.7659026980400085 -0.5333026051521301 0.10183113068342209 0.8304377794265747 -0.46874961256980896 -0.283332586288452150.289960652589798
0.0079340236261487 -0.0042570955120027065 0.00936109945178032 0.9999156594276428 -16.515682220458984 -40.71269226074219 -10.40896224975586 13.828975677490234 -36.3651008605957 -10.371275901794434 -0.21460939943790436 0.7704436182975769 -0.5151565670967102 0.11213742196559906 0.8161730766296387 -0.48625892400741577 -0.291271299123764040.30817708373069763
0.010563782416284084 -0.0004908632254227996 0.010380474850535393 0.9998902082443237 -16.181812286376953 -39.51213455200195 -10.00185775756836 14.080495834350586 -36.98875045776367 -10.153538703918457 -0.2093135416507721 0.7588483095169067 -0.5461995601654053 0.08993206918239594 0.8263173699378967 -0.4844897985458374 -0.272729665040969850.2863619029521942
0.010531640611588955 -0.0015215149614959955 0.011042608879506588 0.9998824000358582 -16.286287307739258 -40.374691009521484 -10.174651145935059 13.836122512817383 -36.814666748046875 -10.25080680847168 -0.21886825561523438 0.7486808896064758 -0.5393477082252502 0.10000579059123993 0.8155438303947449 -0.5063296556472778 -0.26175826787948610.31729739904403687
0.01431838609278202 -0.001036672038026154 0.01150622870773077 0.9998307228088379 -16.624473571777344 -40.682979583740234 -10.306543350219727 13.905525207519531 -37.39656448364258 -10.154603958129883 -0.19244450330734253 0.7695150375366211 -0.5099281072616577 0.11142265051603317 0.8212422728538513 -0.477347731590271 -0.292036354541778560.3328438699245453
0.011205814778804779 -0.0012754466151818633 0.01368839293718338 0.9998427629470825 -16.596820831298828 -39.6354866027832 -9.842240333557129 13.880256652832031 -36.812774658203125 -10.161539077758789 -0.20686468482017517 0.7483491897583008 -0.5468194484710693 0.10109927505254745 0.8169485926628113 -0.49635642766952515 -0.275688678026199340.3133193254470825
0.005967104807496071 -0.0008221633033826947 0.014195228926837444 0.9998810291290283 -16.420251846313477 -39.994476318359375 -10.084813117980957 14.019988059997559 -37.46308898925781 -10.404468536376953 -0.20170533657073975 0.7581980228424072 -0.5256450772285461 0.10720156133174896 0.8236791491508484 -0.4772346019744873 -0.28689303994178770.32885855436325073
-0.0020439529325813055 -0.0009755477076396346 0.010267207399010658 0.9999447464942932 -16.15707778930664 -40.17377853393555 -10.283407211303711 13.981061935424805 -36.88888168334961 -10.493762969970703 -0.23410651087760925 0.7489163279533386 -0.5249422192573547 0.0963820293545723 0.8301281929016113 -0.47575098276138306 -0.27433314919471740.3297789394855499
-0.003669850528240204 0.00003792872666963376 0.012915367260575294 0.9999098777770996 -16.22855567932129 -38.906654357910156 -9.811573028564453 13.724815368652344 -35.97831726074219 -10.16588020324707 -0.22667033970355988 0.7419359087944031 -0.5344035029411316 0.10517948865890503 0.8199456334114075 -0.48683518171310425 -0.28216648101806640.33550649881362915
-0.003938768524676561 0.00002909325667133089 0.012448359280824661 0.9999147653579712 -15.571942329406738 -35.797603607177734 -9.278403282165527 13.636110305786133 -36.78606414794922 -10.595475196838379 -0.23117013275623322 0.7296649217605591 -0.5484192967414856 0.10205220431089401 0.8224814534187317 -0.4707203209400177 -0.302542477846145630.336728036403656
-0.0006677652127109468 -0.0005870313616469502 0.011335007846355438 0.9999353289604187 -15.871788024902344 -39.54645538330078 -10.139727592468262 13.821826934814453 -37.44691848754883 -10.774380683898926 -0.23121000826358795 0.7593613862991333 -0.4917268455028534 0.08610587567090988 0.8241520524024963 -0.48014965653419495 -0.28777670860290530.35793429613113403
0.0023821128997951746 0.0016400431049987674 0.012888696044683456 0.9999127388000488 -16.27486228942871 -39.630210876464844 -10.160091400146484 13.732041358947754 -36.945716857910156 -10.48320484161377 -0.20939455926418304 0.7622737884521484 -0.5044580101966858 0.10784585028886795 0.8248117566108704 -0.4750315845012665 -0.287053763866424560.3472962975502014
0.0005425031995400786 0.003849181579425931 0.013812619261443615 0.9998970031738281 -16.219928741455078 -38.96208190917969 -9.983954429626465 13.827519416809082 -36.77836608886719 -10.510607719421387 -0.2052512764930725 0.7593093514442444 -0.5152941346168518 0.09561148285865784 0.8252180814743042 -0.47502708435058594 -0.29021176695823670.3402840495109558
0.003355833236128092 0.0052772811613976955 0.014262951910495758 0.9998787045478821 -16.393648147583008 -39.0971794128418 -10.090764999389648 13.65129566192627 -36.55074691772461 -10.343279838562012 -0.2010817676782608 0.7540746927261353 -0.5337009429931641 0.09830629825592041 0.8251083493232727 -0.4748820960521698 -0.289860397577285770.32573121786117554
0.0022577315103262663 0.0017497875960543752 0.013425319455564022 0.9999058246612549 -16.112438201904297 -38.03361892700195 -9.606222152709961 13.488961219787598 -36.583927154541016 -10.705536842346191 -0.20033955574035645 0.7634928226470947 -0.5264505743980408 0.10431840270757675 0.8218522071838379 -0.46735095977783203 -0.308641582727432250.315899521112442
0.003298509167507291 0.0021349135786294937 0.01015510130673647 0.9999406933784485 -16.40804672241211 -39.55868911743164 -10.274070739746094 13.642810821533203 -37.132720947265625 -10.726483345031738 -0.20916463434696198 0.7435126304626465 -0.5342763662338257 0.10016719996929169 0.8203409314155579 -0.48356473445892334 -0.28839638829231260.34349364042282104
0.006099958438426256 0.0000102674976005801 0.010335992090404034 0.9999279975891113 -16.204994201660156 -39.49332809448242 -9.889130592346191 13.545445442199707 -37.298667907714844 -10.702058792114258 -0.2158961445093155 0.7541863322257996 -0.5126293301582336 0.09774261713027954 0.8309577703475952 -0.46574270725250244 -0.28816539049148560.3490028977394104
-0.02421249821782112 0.009578078053891659 0.006186366081237793 0.9996417760848999 -16.090572357177734 -38.620445251464844 -16.41651725769043 8.49394416809082 -34.771148681640625 -24.03308868408203 -0.14191097021102905 0.8137745261192322 -0.4491161108016968 -0.06561886519193649 0.8413182497024536 -0.44023966789245605 -0.30670309066772460.3404807150363922
-0.11827850341796875 -0.005913236644119024 0.001404415350407362 0.9929618835449219 -15.87944221496582 -33.63420867919922 -21.173757553100586 6.517921447753906 -30.726654052734375 -23.983373641967773 -0.0925484225153923 0.8531041145324707 -0.3404349684715271 -0.09654128551483154 0.8327273726463318 -0.40226513147354126 -0.36800497770309450.3843854069709778
-0.16079680621623993 -0.007426106836646795 0.004170610569417477 0.9869508147239685 -15.844446182250977 -32.44416427612305 -20.91335678100586 5.9382100105285645 -29.08171272277832 -23.707998275756836 -0.08112765848636627 0.8697180151939392 -0.32056641578674316 -0.1539478451013565 0.8334628939628601 -0.3747289180755615 -0.375789672136306760.36639606952667236
-0.18650411069393158 -0.013694996014237404 0.008297217078506947 0.9823237061500549 -16.067880630493164 -30.98059844970703 -20.3822078704834 6.190287113189697 -28.032691955566406 -23.292999267578125 -0.07963845133781433 0.8791857957839966 -0.2963470220565796 -0.12823383510112762 0.8570311069488525 -0.32696688175201416 -0.377023011445999150.3645113706588745
-0.19866785407066345 -0.013058804906904697 0.011992087587714195 0.9799064993858337 -16.244842529296875 -30.186077117919922 -20.68893051147461 6.0494513511657715 -27.366111755371094 -23.48601722717285 -0.06990993022918701 0.8844989538192749 -0.28367647528648376 -0.1277431845664978 0.8588005304336548 -0.30401015281677246 -0.39207294583320620.36373332142829895
-0.19491206109523773 -0.011399234645068645 0.012861192226409912 0.9806700944900513 -16.187808990478516 -30.41663360595703 -20.6929988861084 6.247638702392578 -27.526453018188477 -23.439298629760742 -0.06451794505119324 0.885560154914856 -0.29004523158073425 -0.12283771485090256 0.8558446764945984 -0.3057372570037842 -0.398704856634140.3570636212825775
-0.18557628989219666 0.025884848088026047 0.013486112467944622 0.9821962714195251 -13.756814002990723 -24.966665267944336 -20.088851928710938 7.993156433105469 -26.890060424804688 -22.55428695678711 -0.08126803487539291 0.861234188079834 -0.33368170261383057 -0.12628892064094543 0.8647688627243042 -0.40510308742523193 -0.26854693889617920.3746033310890198
-0.1758865863084793 0.02165214717388153 0.023249635472893715 0.9838976263999939 -11.837401390075684 -22.390417098999023 -27.44857406616211 8.597251892089844 -27.94124984741211 -21.903888702392578 -0.04905229061841965 0.8329627513885498 -0.4997101128101349 -0.07534637302160263 0.85634845495224 -0.40285754203796387 -0.314159214496612550.23250101506710052
-0.180637925863266 -0.003981947898864746 0.031142976135015488 0.9830483794212341 -12.833730697631836 -22.39734649658203 -27.67426872253418 7.640341281890869 -27.46440887451172 -22.4614315032959 -0.014833507128059864 0.8494772911071777 -0.4860766530036926 -0.08918559551239014 0.853074312210083 -0.40119507908821106 -0.321485072374343870.20468950271606445
-0.1817539781332016 -0.010758473537862301 0.02500888518989086 0.9829671382904053 -13.536922454833984 -22.47842025756836 -26.994773864746094 7.547661781311035 -28.929616928100586 -23.02650260925293 -0.07636488974094391 0.8817667961120605 -0.40847310423851013 -0.056571658700704575 0.8726524710655212 -0.33055195212364197 -0.35498270392417910.22317130863666534